0.287351964,0.241115413
0.761387664,0.651092832
0.681297401,0.830848002
0.182646443,0.162535981
0.810218753,0.540872806
0.684547003,0.798087776
0.28648567,0.168784664
0.704713172,0.721880578
0.668762393,0.752506289
0.133669415,0.165649863
0.197242753,0.154584951
0.218762137,0.280104883
0.207094116,0.298450528
0.705652862,0.809266966
0.152554049,0.184001079
0.78653551,0.792759683
0.230960109,0.180071266
0.203700166,0.294039933
0.764386109,0.680413577
0.684168198,0.652011353
0.541643148,0.611296072
0.642625914,0.651345421
0.768278882,0.553368899
0.23867018,0.111626901
0.547553136,0.703994239
0.225020995,0.237160817
0.713221791,0.680819757
0.64876207,0.74415142
0.220659741,0.247934236
0.167036331,0.160357854
0.687088813,0.662255072
0.690079061,0.790329286
0.697763939,0.704949368
0.21271394,0.147412789
0.81930274,0.770484225
0.214452326,0.251966254
0.688741149,0.750596032
0.588046068,0.549120559
0.749634377,0.660295554
0.211858504,0.228882994
0.723279449,0.773491901
0.198555893,0.180752705
0.145768423,0.200017224
0.132019819,0.188141496
0.189103173,0.214763714
0.717340892,0.620912614
0.734683853,0.611332043
0.232466176,0.244611966
0.112595058,0.28275515
0.255368332,0.175065634
0.632841138,0.628737952
0.751384995,0.751070015
0.830786884,0.706050527
0.599495833,0.755140413
0.260637376,0.212844396
0.741906765,0.792106643
0.197606608,0.2274797
0.249960022,0.160027026
0.718869082,0.609732151
0.670819556,0.630285003
0.685193836,0.726491171
0.237261771,0.251049369
0.649389962,0.702557567
0.638957717,0.602832656
0.714062243,0.601726005
0.244663238,0.106972334
0.597971065,0.825337829
0.697994325,0.655219573
0.610270753,0.736573579
0.677702976,0.680028963
0.788062188,0.653029192
0.211206453,0.196936253
0.736979282,0.730499893
0.137098437,0.205574861
0.819670403,0.731308673
0.690257561,0.63067081
0.057358489,0.268808731
0.089097126,0.149768267
0.673612285,0.776817582
0.629471369,0.742748968
0.200774548,0.234719164
0.740448845,0.727500653
0.119478341,0.21769115
0.126100145,0.186922262
0.585510942,0.680430209
0.734968753,0.708182178
0.728486738,0.728417026
0.776905599,0.692631456
0.634874586,0.600033163
0.606774292,0.664325764
0.18562339,0.210384269
0.617504329,0.629808473
0.771333989,0.566707276
0.243758519,0.184178146
0.6699,0.688724915
0.20337036,0.150691063
0.235178232,0.290454705
0.733971287,0.743896921
0.187001388,0.240025611
0.574502055,0.718131607
0.695345877,0.666449775
0.722962797,0.709477594
0.823696873,0.741210592
0.660289267,0.721380652
0.263901552,0.219325569
0.704927881,0.751441179
0.175121909,0.112436124
0.195055873,0.243573664
0.878019036,0.706233245
0.629826299,0.852389566
0.23361771,0.211642214
0.735753578,0.782635256
0.212504699,0.189553203
0.667640304,0.598937176
0.689386231,0.74885926
0.225125132,0.147072411
0.586198839,0.778251469
0.212122257,0.173440993
0.735059793,0.743292266
0.721532173,0.689478306
0.778743597,0.659968079
0.659652382,0.689467483
0.188793547,0.221878236
0.235109679,0.173546664
0.661827007,0.822938627
0.74225318,0.729168746
0.724927249,0.700275827
0.714778789,0.813203032
0.664411074,0.597706857
0.622246707,0.617846526
0.639043823,0.741926023
0.734968753,0.641266356
0.188043101,0.098229817
0.62675846,0.805465233
0.733526192,0.664325764
0.639636223,0.636798213
0.681635699,0.644735362
0.697855059,0.723200266
0.267047495,0.221823496
0.603901744,0.705228537
0.229723196,0.155672081
0.249327582,0.203286061
0.209416908,0.202500656
0.762265599,0.751905295
0.67419784,0.766567259
0.88028295,0.556921386
0.12261769,0.179585823
0.206584457,0.271203885
0.25868867,0.167354142
0.717385059,0.730977537
0.155108251,0.220355969
0.344038495,0.178264782
0.191558639,0.189752496
0.11450477,0.267330575
0.634377684,0.712671649
0.711383634,0.624008148
0.567615134,0.613083775
0.682747443,0.618366666
0.700297155,0.791360971
0.163151026,0.183335442
0.618798471,0.646759976
0.253643021,0.21314902
0.632509604,0.689093612
0.583505825,0.678203778
0.611008467,0.795851556
0.229277089,0.146560592
0.782452698,0.628584998
0.30266649,0.262356776
0.576557467,0.716943545
0.208961763,0.241985231
0.618430012,0.570686952
0.667473343,0.852332905
0.2398677,0.142021418
0.141667852,0.177073003
0.77477729,0.671803891
0.680491486,0.847066567
0.180806251,0.17661746
0.835840583,0.613222564
0.617138575,0.639542954
0.266757138,0.259995955
0.660094135,0.78267823
0.643089233,0.641403394
0.783359919,0.629675573
0.209771441,0.227226406
0.281821781,0.157840373
0.180062967,0.204367848
0.219854212,0.262490244
0.203991715,0.180311202
0.660659875,0.695496125
0.129804289,0.147352876
0.109858161,0.1912053
0.599780096,0.629168166
0.222990719,0.199787747
0.16371082,0.252018777
0.147717697,0.11047298
0.617073796,0.819074502
0.654547354,0.636192125
0.205159393,0.270587248
0.640739372,0.774692139
0.669858857,0.734587083
0.171198349,0.163954224
0.788085903,0.822515257
0.288999968,0.245751108
0.240395548,0.161371032
0.202374236,0.050922904
0.181381393,0.186271973
0.153840415,0.206283642
0.137367534,0.219078527
0.627385079,0.623455698
0.859556294,0.757862553
0.708554298,0.668329951
0.688328682,0.678040717
0.198104272,0.155864382
0.740689497,0.775443859
0.176728304,0.126966893
0.18648633,0.240863824
0.16754326,0.259140461
0.245832621,0.13503684
0.848507934,0.782624433
0.620872187,0.8314369
0.795687619,0.725618886
0.602197123,0.658419517
0.267931978,0.197346208
0.697603186,0.765922018
0.662533445,0.707185508
0.174317802,0.140820999
0.658470607,0.634874586
0.20535556,0.245115371
0.192747462,0.108667178
0.640239763,0.791461561
0.731409263,0.739227359
0.175355422,0.23937555
0.670749445,0.754645261
0.73738005,0.633768572
0.612408293,0.618514527
0.744485023,0.760550315
0.248445486,0.170249405
0.78418167,0.723868904
0.689142395,0.654037003
0.238135909,0.210403824
0.157479076,0.1928325
0.6100266,0.684908936
0.262398385,0.199829811
0.176356889,0.195524604
0.73251472,0.624364352
0.208507357,0.150541564
0.154330178,0.179456845
0.186728199,0.242219654
0.687991896,0.813640726
0.147671427,0.164482981
0.22678388,0.107738584
0.192403218,0.250985022
0.258574642,0.206650055
0.199244551,0.114372438
0.592438609,0.737689222
0.645282161,0.712345208
0.698053295,0.75177144
0.206214236,0.112823341
0.719747972,0.706986318
0.205420929,0.213688293
0.647323249,0.782196129
0.137983148,0.192062612
0.633179834,0.686914452
0.707309336,0.631071898
0.156877446,0.157495561
0.776495758,0.633844015
0.703967421,0.591575953
0.568904979,0.64283553
0.198532928,0.267038059
0.732938806,0.739918518
0.837645475,0.660125649
0.200969692,0.140293719
0.601582282,0.801260503
0.205067136,0.150172196
0.260517777,0.11682057
0.748178367,0.746722994
0.188573791,0.223964446
0.681086432,0.796734266
0.795010546,0.745704201
0.53097041,0.603487924
0.254528755,0.227266424
0.277623781,0.278281573
0.184391138,0.106382982
0.209892346,0.187325509
0.137224857,0.191477125
0.210192821,0.131622483
0.682775057,0.593473159
0.219424533,0.185762884
0.157093451,0.14501843
0.633230447,0.60323804
0.219713582,0.226145869
0.68443177,0.604584229
0.698990597,0.72855661
0.197916746,0.249147502
0.163080768,0.264162009
0.224347003,0.215323963
0.665612426,0.666647852
0.269930365,0.238747601
0.6052578,0.832545301
0.233939671,0.181528958
0.613176407,0.842140198
0.9026929,0.658272451
0.182206987,0.134760126
0.705067466,0.615107674
0.199393708,0.157424166
0.693723702,0.786501132
0.208538393,0.272144303
0.126564442,0.173048148
0.63522872,0.590039726
0.223344171,0.214249053
0.773967476,0.644610977
0.137401071,0.134965558
0.250818016,0.157867658
0.230410661,0.217260163
0.573418801,0.761821538
0.162530921,0.275932803
0.159699721,0.240242071
0.166702831,0.229454327
0.171486773,0.171545321
0.563627181,0.819074502
0.125081511,0.171414809
0.639153327,0.591558446
0.293375547,0.124006488
0.181463361,0.248372044
0.235207563,0.139720169
0.6296135,0.714850013
0.657341356,0.573418801
0.516755371,0.796222084
0.263181005,0.239788915
0.200426496,0.228837803
0.791511856,0.690089884
0.717583932,0.716310162
0.122209781,0.247278263
0.202960292,0.189103173
0.747846436,0.720400853
0.700420346,0.761466289
0.24269134,0.210509382
0.265799554,0.184808255
0.768149802,0.644713477
0.57241672,0.480433427
0.813242504,0.794448706
0.628548868,0.709839846
0.727130841,0.538589792
0.193118308,0.238130793
0.741772273,0.660295554
0.148066602,0.259055878
0.172025194,0.183795647
0.698262115,0.597862517
0.797547581,0.691456525
0.252176688,0.247122967
0.813441138,0.676737502
0.197736779,0.213117358
0.575789672,0.755133091
0.247439926,0.146445314
0.747232788,0.715069099
0.68412419,0.790687558
0.669853047,0.716888475
0.202355137,0.280340442
0.821681887,0.72467641
0.641835517,0.719708978
0.632790206,0.64906957
0.216035131,0.151646259
0.715118439,0.731415152
0.25897914,0.108030986
0.65533783,0.588714228
0.196246174,0.281589178
0.792759683,0.72450555
0.173542231,0.17618562
0.557308467,0.609695225
0.158798696,0.199275133
0.129267346,0.167703616
0.658272451,0.698396049
0.581175063,0.657431601
0.72606605,0.780037421
0.693444055,0.493471943
0.725412851,0.6801851
0.757067382,0.731592936
0.118149115,0.129121486
0.741625208,0.820111599
0.679733161,0.713505337
0.21756905,0.201134197
0.280972768,0.148347863
0.806170319,0.69214665
0.633272625,0.754492784
0.753684403,0.704525361
0.730841773,0.643564808
0.661160438,0.737813049
0.165877123,0.188039178
0.209074483,0.228756517
0.252554014,0.184005171
0.255220312,0.139830786
0.748110564,0.672476189
0.149850576,0.206426319
0.257926172,0.279449137
0.175052674,0.163790401
0.308727363,0.187936803
0.769521775,0.710830468
0.710770941,0.649917105
0.256195063,0.147386186
0.190251979,0.184860324
0.149995868,0.156191004
0.19556303,0.127111048
0.196407212,0.185475824
0.816387218,0.825981796
0.260813363,0.230567207
0.176907247,0.174409434
0.672041758,0.590460549
0.774126797,0.695066787
0.71769447,0.675727701
0.164206722,0.22028537
0.604638344,0.776117431
0.62519422,0.692356743
0.796859685,0.611068471
0.723505936,0.603307435
0.186375201,0.219854212
0.669004716,0.797097154
0.719447316,0.82622595
0.689954676,0.620055211
0.192902019,0.155711701
0.74980659,0.716783747
0.692997527,0.786123123
0.72459094,0.697613929
0.172083344,0.179502604
0.198923215,0.234002312
0.175009359,0.165193183
0.159376055,0.253881649
0.247475964,0.157170758
0.750714368,0.737262748
0.791436414,0.687170463
0.767277597,0.767815085
0.158096396,0.223301482
0.795565065,0.716079139
0.187313686,0.162672632
0.544103149,0.661279173
0.170208364,0.210185033
0.69581803,0.719586423
0.730335082,0.537181531
0.790675144,0.65043454
0.168673023,0.227102317
0.819463175,0.697549628
0.177331925,0.210478061
0.635899586,0.705760296
0.694073141,0.660966738
0.643727789,0.693449467
0.665926213,0.681635699
0.191383959,0.1882005
0.649806329,0.684771898
0.582356678,0.649737094
0.198904059,0.177801451
0.714373882,0.764149276
0.743512944,0.69881918
0.72471063,0.672505157
0.141833721,0.172817932
0.221018536,0.139996087
0.770226861,0.729338253
0.667431563,0.644910678
0.226189753,0.175126229
0.639698296,0.661733818
0.236658548,0.160289756
0.185479803,0.179027393
0.174326556,0.20715977
0.680263169,0.681508211
0.118770754,0.176095637
0.597158705,0.688111426
0.642753243,0.757015177
0.736273082,0.601177853
0.613049078,0.732896946
0.77939218,0.688252682
0.678922153,0.747589788
0.67630697,0.617311106
0.172105684,0.155410772
0.210052304,0.266747816
0.183460725,0.110396582
0.63365127,0.636959125
0.612886733,0.726784824
0.202492982,0.193936058
0.807370079,0.640999442
0.627723456,0.776866445
0.81983243,0.734550794
0.162454922,0.237540019
0.171311127,0.276335255
0.776749143,0.669558917
0.784148564,0.809740313
0.757614102,0.642152567
0.082344127,0.258400246
0.767133396,0.70628163
0.194621362,0.194567474
0.184471401,0.180340135
0.815188413,0.620729897
0.219920435,0.203504567
0.628539955,0.793998278
0.261272658,0.229805392
0.577781102,0.658528065
0.757269199,0.703120203
0.204667413,0.245542265
0.666923519,0.830971512
0.796734266,0.675192441
0.765439758,0.82018163
0.165368374,0.183650468
0.706045116,0.708645975
0.124356871,0.162616926
0.214951581,0.230673391
0.74383819,0.544485137
0.148027266,0.205194011
0.191791299,0.13796655
0.279625352,0.308284439
0.741484748,0.708397842
0.159328136,0.131387947
0.184511533,0.257709713
0.082586053,0.246101036
0.216688887,0.153434667
0.674850084,0.741746728
0.224592737,0.263283096
0.254197244,0.262699542
0.196679435,0.175782089
0.133419531,0.139956865
0.713881993,0.745644515
0.563698486,0.649854873
0.677618461,0.678843687
0.579300776,0.550720451
0.295444648,0.241303451
0.286417458,0.168131306
0.643897774,0.858081821
0.750533481,0.682443683
0.103738626,0.195424787
0.186450632,0.119715265
0.264874257,0.223361224
0.203063747,0.185032446
0.192747462,0.222842016
0.641706915,0.772112448
0.160446871,0.312575435
0.210052304,0.175095989
0.267692099,0.148413006
0.223348434,0.226607495
0.643230728,0.666665837
0.719653271,0.699156603
0.826663963,0.709672169
0.107696747,0.219651566
0.72881286,0.756613214
0.640208886,0.599705608
0.169178759,0.266785219
0.218897595,0.253014787
0.288684828,0.275463504
0.67181543,0.773213687
0.816004912,0.741669932
0.641106398,0.789680543
0.595180008,0.717440289
0.183100679,0.15893279
0.350786946,0.18827127
0.706550533,0.687105127
0.174051264,0.217915283
0.203987907,0.210099143
0.204824983,0.14701875
0.600638136,0.702766546
0.806920925,0.750158974
0.222253403,0.245571255
0.209783093,0.141242777
0.603915432,0.643044509
0.702932632,0.708521909
0.244503849,0.292094069
0.167760175,0.27837275
0.225935606,0.233728043
0.704235608,0.764377832
0.162712991,0.135715778
0.705754964,0.608488144
0.233354468,0.138073756
0.22341244,0.243278078
0.259768809,0.195943085
0.237448785,0.172866704
0.120510163,0.286230557
0.1770518,0.167713052
0.209389623,0.157242494
0.168238967,0.135741926
0.235773496,0.141969008
0.244034039,0.15893279
0.216822355,0.198379849
0.248347715,0.166045834
0.197464897,0.197947384
0.234118102,0.216397962
0.654897191,0.774531386
0.117484729,0.16424134
0.190991569,0.165290556
0.759375702,0.761128549
0.208356039,0.243128125
0.251658617,0.10825836
0.627896624,0.755917917
0.710776353,0.661291587
0.686892647,0.682741951
0.837313782,0.701898559
0.163919549,0.229595526
0.184776196,0.184145973
0.128817033,0.189056164
0.219197842,0.13369704
0.242318106,0.192283279
0.153346105,0.187842273
0.614388263,0.816387218
0.68931039,0.653404017
0.173003924,0.189271544
0.248134439,0.174952971
0.691424136,0.782592283
0.16346645,0.188973912
0.77402366,0.793160611
0.227738054,0.226625116
0.195785686,0.2002467
0.698824592,0.618260983
0.184150008,0.285743977
0.699949148,0.751146969
0.215600847,0.093297172
0.203512241,0.28549523
0.081281838,0.232447304
0.650798542,0.674352545
0.211709062,0.229901344
0.229618263,0.219164929
0.097924681,0.214595969
0.688236368,0.74652245
0.189861863,0.244560693
0.200866407,0.247638309
0.177336188,0.157583327
0.203546745,0.184475437
0.631297589,0.672337321
0.711573593,0.72149286
0.639581789,0.714078637
0.728661339,0.766340453
0.584749195,0.748866104
0.193272752,0.1867361
0.21071669,0.122794586
0.549011056,0.7358634
0.18062907,0.196365034
0.657160708,0.600799048
0.280915925,0.21071669
0.643823843,0.624498684
0.612782005,0.676556296
0.150846359,0.164512483
0.174931256,0.198498481
0.150926849,0.202738091
0.192967673,0.202799425
0.177128255,0.166468522
0.727494843,0.688524132
0.178893698,0.184049396
0.186965747,0.221562983
0.59343878,0.646444836
0.704997673,0.597629186
0.667515123,0.703205992
0.289262358,0.180464054
0.562206187,0.717307707
0.606800394,0.814878367
0.72439167,0.652457483
0.69585018,0.711747318
0.222663812,0.295562882
0.182227394,0.226001317
0.228409772,0.252920882
0.603722846,0.632270543
0.167159852,0.190029664
0.179290237,0.189553203
0.690327831,0.658003468
0.713772808,0.727194346
0.772422654,0.596042664
0.19747638,0.210048382
0.204045432,0.255453143
0.560336357,0.63191052
0.21712624,0.273525598
0.147226229,0.260074626
0.596905956,0.800714897
0.149002131,0.193446409
0.226898761,0.2071675
0.206044672,0.157231466
0.729466855,0.639682857
0.644830381,0.693454799
0.219750814,0.303272214
0.210392114,0.214875582
0.213077738,0.323938662
0.129711976,0.201126523
0.20727573,0.266478378
0.235006906,0.150988808
0.633558956,0.665188897
0.155813564,0.19229874
0.776107722,0.769163184
0.739912152,0.729537125
0.684574379,0.698144335
0.725504369,0.72431774
0.188777859,0.209393545
0.225138149,0.222524091
0.165407255,0.128932766
0.618091316,0.631323691
0.705642119,0.618556705
0.603404841,0.773556998
0.128943339,0.196476276
0.217463321,0.130059516
0.741990006,0.684744443
0.256065801,0.184896363
0.167981125,0.147479182
0.119394213,0.188707259
0.802920239,0.715343335
0.121404196,0.195505391
0.145595846,0.124619942
0.64058594,0.717733225
0.68051926,0.674048706
0.678849337,0.627155409
0.268582722,0.24458343
0.662952995,0.698974522
0.142705244,0.212126179
0.139814984,0.147578772
0.184667966,0.165572329
0.208216432,0.152475946
0.205136314,0.181668111
0.712726082,0.520730591
0.156398369,0.206850769
0.130524496,0.223220537
0.798504142,0.741344447
0.62026037,0.724938709
0.734484265,0.722505606
0.640493785,0.659443562
0.770297847,0.82622595
0.205732716,0.26838718
0.708122811,0.59455132
0.722274503,0.846823368
0.768012287,0.823799055
0.066191501,0.117914465
0.786696741,0.808655468
0.232461458,0.210759777
0.231038894,0.154457735
0.249502091,0.149053517
0.73319625,0.651638199
0.597940188,0.636572522
0.115302396,0.245530669
0.694438417,0.804737865
0.835282244,0.658150852
0.267673,0.246985974
0.715562819,0.707427752
0.266210987,0.173335207
0.162439688,0.280746304
0.21880727,0.206403184
0.78994889,0.526019848
0.722128074,0.692157473
0.212504699,0.257228362
0.166969767,0.215339992
0.717048433,0.670316526
0.195005908,0.12774724
0.105507593,0.189040475
0.812789212,0.638730275
0.821079938,0.77873341
0.671757416,0.715080082
0.691332379,0.647755771
0.716178137,0.72765114
0.228109071,0.153523115
0.80659528,0.7776344
0.711807083,0.681652331
0.195774147,0.208321138
0.205401716,0.185870375
0.787544754,0.654368695
0.050922904,0.173026092
0.690046592,0.689992557
0.18637918,0.172333285
0.270380679,0.167746021
0.19824206,0.098888746
0.215588796,0.129236083
0.785952183,0.637901202
0.764828737,0.708263032
0.241249677,0.160084892
0.249011192,0.134073003
0.686167109,0.639930831
0.179735378,0.12199082
0.686641888,0.704632716
0.193473409,0.205444008
0.693438723,0.599525756
0.285412921,0.159050569
0.242105057,0.237621191
0.641159717,0.755155056
0.834257243,0.520300218
0.189357661,0.188369552
0.159157549,0.235729045
0.65498282,0.722917595
0.132240826,0.178843505
0.841062992,0.566078269
0.213402598,0.233636866
0.249934783,0.152500048
0.170632075,0.26614664
0.207310518,0.062393452
0.298397322,0.131680804
0.839118674,0.648887967
0.622878578,0.788334673
0.643638977,0.774701529
0.731693764,0.755389023
0.229159082,0.188169009
0.76305695,0.756761951
0.2386392,0.163700816
0.122819825,0.180191319
0.232589071,0.251133156
0.19510203,0.334226866
0.20767028,0.201654598
0.575400044,0.628023954
0.181217343,0.130130571
0.221277856,0.155706016
0.126620603,0.18595797
0.207790277,0.244840249
0.767175733,0.590387653
0.1868391,0.201643116
0.181884741,0.189173716
0.615141098,0.693508595
0.188141496,0.27409426
0.593096265,0.655416615
0.667413737,0.641395754
0.727888609,0.699799218
0.17083637,0.229177272
0.112204657,0.253670192
0.173682975,0.2839525
0.148666414,0.226330213
0.688589229,0.652471012
0.712459407,0.659544789
0.229009584,0.265745098
0.267028623,0.153939891
0.752039309,0.728329805
0.139210738,0.190158358
0.146722824,0.231127115
0.668139991,0.677460652
0.716442186,0.612079466
0.225359725,0.282026645
0.210095221,0.093371751
0.211002612,0.179227709
0.73346014,0.848763866
0.190590879,0.145967716
0.767014662,0.814755176
0.166238306,0.189369371
0.658604621,0.686876333
0.744780427,0.687502474
0.206561322,0.23056266
0.75264842,0.734744494
0.725172756,0.726900057
0.194640575,0.193862843
0.7421697,0.794156803
0.176459435,0.224709379
0.217402328,0.212106511
0.238135909,0.232527623
0.21266659,0.219713582
0.113971806,0.232996923
0.704241019,0.758315845
0.70498693,0.757449051
0.255523969,0.174809725
0.671890952,0.801214982
0.152439907,0.172724709
0.154289478,0.181163967
0.774239483,0.783131681
0.743721047,0.633827303
0.177847892,0.222867482
0.711231714,0.715694525
0.214177374,0.238923417
0.300671969,0.197656346
0.268250984,0.264547294
0.213612862,0.104246124
0.732873072,0.723778102
0.220164975,0.235065568
0.144709316,0.225586189
0.5383606,0.745162096
0.154167379,0.265527729
0.737924701,0.722567599
0.708090501,0.768823852
0.184752151,0.090232175
0.094848315,0.222914207
0.187080514,0.222710481
0.255765554,0.165833638
0.174025002,0.10675542
0.163521418,0.086184924
0.237276891,0.179648123
0.142727413,0.169777832
0.696659994,0.726462442
0.233804952,0.106842277
0.204932588,0.165635311
0.693476365,0.726393445
0.218356445,0.194351981
0.19171763,0.204122171
0.127692784,0.151566792
0.7342004,0.839196345
0.221323899,0.150970277
0.223258849,0.181913334
0.711513907,0.647578704
0.724056317,0.725052827
0.221340725,0.257088755
0.191154823,0.18829486
0.721560265,0.834902803
0.195482369,0.254688485
0.623494534,0.644918
0.791916127,0.690008791
0.664289157,0.779494203
0.169395844,0.180377311
0.71423175,0.693901088
0.200652165,0.147379479
0.207573533,0.1400668
0.176544927,0.247807134
0.204855679,0.244096055
0.73331013,0.710808822
0.613199326,0.734085804
0.29428777,0.200284956
0.289432433,0.246944365
0.593795621,0.710424208
0.212469172,0.161169692
0.738148085,0.747192361
0.731391517,0.742028523
0.636967083,0.718974686
0.621648418,0.702520005
0.15554731,0.204210506
0.252302084,0.31717384
0.611403665,0.730629531
0.632756305,0.816110914
0.211701218,0.258681053
0.202657657,0.185727015
0.201547392,0.218184721
0.183561679,0.176834829
0.289967671,0.249470941
0.672846081,0.706991729
0.786397677,0.710424208
0.6558029,0.713429019
0.349404514,0.280859309
0.176907247,0.232759544
0.110699898,0.224334099
0.129834985,0.125257271
0.613808279,0.589836954
0.656921488,0.740600844
0.257709713,0.28633242
0.729005287,0.699611805
0.109129656,0.222131076
0.219879053,0.087376362
0.113428837,0.304059836
0.611236227,0.611772125
0.64041691,0.767141832
0.719876256,0.663045389
0.64772752,0.673370677
0.616247111,0.575347839
0.797788552,0.650069105
0.129381602,0.229086607
0.737392465,0.589465789
0.702396814,0.732139337
0.621638391,0.671827049
0.646874414,0.62397918
0.665255506,0.71822018
0.754565362,0.607111396
0.247427989,0.247656386
0.194629093,0.249439677
0.245190177,0.105892764
0.180962627,0.13595975
0.605123786,0.780099176
0.647259266,0.682288898
0.767575706,0.751644747
0.170217459,0.203155719
0.163005337,0.220210678
0.227836222,0.161257572
0.876306457,0.650832762
0.204390927,0.231080674
0.20649959,0.195678195
0.507585118,0.696815416
0.709342466,0.778041853
0.643512921,0.570863303
0.642969862,0.764312576
0.788477282,0.606553057
0.653957263,0.725389932
0.223310008,0.15288897
0.265123686,0.262140998
0.782818292,0.665515735
0.639379495,0.635638402
0.695265341,0.659563809
0.643007265,0.751174902
0.816344563,0.639145528
0.221139726,0.179073323
0.608210566,0.620719711
0.10289507,0.230872116
0.207534823,0.235163509
0.171049192,0.154947839
0.773911451,0.706980986
0.158825583,0.215801788
0.704460981,0.789147989
0.142156023,0.182569193
0.287688477,0.169626174
0.248986522,0.134535367
0.70728777,0.70217176
0.673030708,0.721386222
0.253806502,0.223489292
0.66643171,0.832901187
0.739327631,0.686014234
0.864463563,0.661316576
0.698653175,0.749009668
0.160754678,0.179685526
0.704584331,0.78424804
0.814244904,0.688019113
0.634659718,0.679995539
0.159826653,0.178973108
0.616824868,0.768261693
0.150266329,0.239568818
0.669388136,0.69441693
0.722077461,0.564752772
0.321748599,0.173937406
0.230461251,0.179660629
0.122592451,0.226255577
0.617782543,0.733923061
0.108545306,0.187345291
0.684497583,0.595130668
0.243089244,0.170180909
0.764516939,0.67558557
0.730794581,0.755792816
0.231639388,0.293705694
0.224653218,0.234384072
0.135558208,0.21556873
0.207666415,0.236788776
0.185910222,0.135125743
0.067128281,0.174644652
0.176758204,0.204494609
0.211320253,0.189561047
0.183622217,0.183120972
0.716965669,0.701791364
0.739459337,0.726560247
0.224433177,0.156465444
0.666983364,0.715754927
0.17307475,0.227644433
0.322503479,0.169947567
0.685604234,0.738515111
0.712687963,0.70590004
0.743688419,0.673053787
0.622858842,0.627559043
0.136563199,0.342641511
0.174644652,0.248152742
0.614002296,0.693616188
0.139775535,0.164211725
0.76456612,0.857403156
0.802825697,0.779996198
0.26715095,0.19593922
0.167981125,0.081725671
0.156805254,0.120523805
0.71187226,0.581625172
0.203773039,0.229773446
0.219552431,0.192480639
0.605391496,0.686630985
0.153939891,0.257176976
0.636983158,0.736016195
0.236939355,0.116390152
0.246347395,0.137392658
0.250626113,0.18119273
0.803683897,0.781517146
0.702830848,0.741676378
0.67565385,0.668638087
0.726232533,0.805950994
0.212816713,0.184824285
0.177877394,0.190964398
0.168500617,0.218356445
0.760262869,0.605975301
0.690722313,0.572304033
0.27643348,0.174535854
0.712976602,0.622740903
0.230433625,0.258963792
0.238510507,0.178847711
0.824993721,0.746769787
0.235664925,0.244840249
0.619123002,0.639907593
0.67135609,0.736315976
0.719002459,0.744288618
0.233411766,0.188452032
0.140278144,0.234738605
0.147152673,0.146817184
0.204974822,0.203504567
0.691143534,0.617246487
0.686107105,0.706373068
0.249439677,0.163125902
0.591983089,0.670959698
0.653450811,0.705062134
0.831655906,0.716502827
0.702434297,0.765315453
0.789160085,0.695592657
0.174592413,0.163431492
0.686767307,0.705808681
0.585203761,0.775472667
0.171572265,0.150121833
0.789365244,0.703457944
0.201180069,0.169630778
0.172618184,0.228955355
0.763742937,0.673681281
0.744504759,0.689082789
0.70914805,0.701887815
0.667264444,0.692308358
0.712987425,0.66028298
0.165310053,0.173515855
0.231085278,0.167882502
0.774531386,0.698101441
0.770903297,0.698840667
0.181582164,0.158658918
0.246813739,0.174479181
0.604162132,0.640945963
0.188106083,0.153517317
0.223284429,0.221731012
0.753785072,0.746129162
0.667926078,0.725344252
0.160837897,0.243517787
0.187388719,0.255552277
0.767789301,0.707438575
0.598264559,0.753182805
0.642753243,0.746235641
0.18338393,0.144277192
0.230217564,0.179897211
0.624651797,0.508731081
0.870972635,0.912140731
0.25038396,0.139893883
0.714466832,0.708494931
0.66284206,0.68467863
0.206638516,0.218774472
0.700891623,0.662626157
0.318212483,0.20070952
0.31573411,0.141066903
0.703978164,0.752534779
0.223711607,0.180108555
0.741733915,0.703645596
0.710814233,0.731125319
0.630214653,0.62026037
0.63438596,0.780679001
0.216587819,0.160796345
0.642700879,0.74774497
0.722297024,0.672296814
0.726612054,0.579795132
0.194351981,0.121887365
0.160247806,0.159221554
0.676250228,0.712878559
0.179702125,0.25156096
0.755359737,0.539271004
0.770156034,0.708888856
0.766617713,0.75641291
0.596683767,0.835876235
0.205578727,0.098859187
0.112805833,0.173841
0.138913334,0.181237863
0.194913651,0.184539613
0.239276529,0.243428486
0.694309496,0.727558508
0.237540019,0.248140578
0.212998612,0.252156906
0.737924701,0.684596343
0.72279894,0.698953035
0.224800215,0.126598093
0.282351562,0.303336788
0.554081943,0.738303506
0.837942789,0.780866653
0.719876256,0.736899223
0.545845014,0.725704753
0.74020867,0.678113851
0.664922063,0.671233774
0.786374757,0.614206978
0.636677409,0.6308018
0.187637352,0.207616109
0.088276761,0.256650492
0.135558208,0.190349409
0.225599263,0.257754391
0.602607601,0.708780944
0.790144977,0.669905889
0.560454136,0.749318123
0.143138164,0.195290295
0.661154231,0.720814673
0.659043907,0.703683158
0.279006213,0.248955599
0.221328106,0.175169544
0.580329597,0.781781513
0.740271777,0.666107021
0.214265026,0.200086061
0.632900664,0.729877015
0.672753687,0.606981998
0.31209795,0.157522959
0.179085885,0.134245807
0.176834829,0.238289613
0.192008327,0.3055746
0.636629024,0.633407435
0.739289989,0.810571455
0.092150754,0.146070488
0.199825945,0.124857548
0.238887151,0.188180832
0.179198549,0.172595901
0.58886575,0.681735414
0.650819074,0.706760308
0.256022714,0.324271537
0.637519374,0.649577614
0.679867175,0.756591011
0.556001432,0.797505244
0.673082595,0.789741502
0.257986085,0.226005637
0.850016785,0.753734698
0.6329091,0.763169637
0.131082584,0.109229246
0.110339511,0.18276013
0.120752998,0.215918431
0.252295491,0.206407049
0.169736507,0.23211278
0.160331706,0.191407265
0.765630593,0.717131117
0.157093451,0.167093345
0.333946742,0.26041455
0.217191155,0.174983325
0.651099676,0.719943104
0.680123744,0.826691339
0.210446797,0.222994982
0.180406244,0.227106751
0.225029692,0.211045699
0.628005809,0.647812353
0.73597338,0.683326472
0.722951497,0.700061596
0.657624664,0.697120926
0.682763995,0.77739709
0.700581019,0.670603335
0.224046017,0.286434284
0.690733136,0.782334918
0.130574631,0.200996465
0.29823907,0.192743597
0.188766092,0.048092557
0.247692538,0.109858161
0.218561195,0.280788595
0.837942789,0.642498425
0.71757287,0.75476877
0.762019376,0.722488655
0.7691982,0.707982669
0.152811436,0.139042254
0.720501443,0.680491486
0.65093558,0.690565618
0.142498334,0.161381377
0.18661724,0.171428281
0.793173503,0.76602229
0.680123744,0.622770348
0.208818006,0.247524054
0.252315386,0.206773575
0.297460088,0.157867658
0.763121252,0.572275703
0.16212955,0.146506364
0.706496816,0.507819404
0.735242033,0.708548886
0.236959477,0.218671869
0.347818355,0.280187874
0.179048312,0.196541419
0.222304107,0.341983037
0.229791636,0.20188038
0.687328351,0.656824399
0.186192506,0.287831268
0.147372885,0.251515372
0.242241481,0.191546986
0.756561248,0.766239704
0.726157886,0.732926869
0.14339305,0.184916371
0.657894443,0.688996046
0.168421321,0.201007948
0.178579694,0.240390319
0.68035787,0.658202102
0.757471493,0.707826372
0.179060817,0.211988391
0.621638391,0.639992745
0.22943159,0.156191004
0.744125238,0.696214979
0.656285478,0.756561248
0.763678158,0.632193509
0.673313061,0.770582109
0.745109414,0.745102809
0.681956967,0.530672459
0.198215287,0.159178865
0.648992854,0.778773837
0.699365423,0.713963881
0.249029723,0.241876433
0.718430831,0.572613444
0.776739434,0.842862791
0.226814803,0.138361043
0.183214025,0.265981794
0.764084179,0.634709376
0.630627041,0.703683158
0.844311161,0.790774301
0.275547177,0.188993522
0.300642865,0.250231733
0.722297024,0.564159417
0.246518153,0.169988778
0.691305481,0.675710671
0.099065642,0.161623189
0.221512619,0.180282269
0.715595685,0.732032381
0.212323255,0.233493166
0.251515372,0.250562221
0.145443506,0.12574476
0.702391403,0.825631959
0.603557159,0.640370753
0.255751229,0.111111445
0.184298711,0.299343197
0.21683452,0.181635369
0.60938677,0.732192975
0.677443701,0.743454452
0.215460387,0.152065764
0.788465345,0.691262268
0.282351562,0.230733418
0.630766944,0.816068577
0.150578967,0.26486539
0.631427624,0.796873532
0.192027711,0.285036845
0.739083318,0.760604907
0.643557486,0.729005287
0.280215386,0.175704668
0.605458026,0.716150602
0.776011111,0.757464013
0.670128874,0.653923998
0.132039145,0.146689059
0.308164386,0.272569492
0.718619357,0.606251924
0.280493692,0.143740249
0.159784418,0.23628918
0.730211652,0.643066791
0.686254488,0.773038132
0.731949139,0.783272857
0.211787733,0.218602179
0.203355069,0.155734324
0.779575852,0.729941475
0.318274329,0.175104629
0.217748164,0.250715585
0.576935954,0.674529931
0.632116475,0.650448228
0.134481252,0.223908683
0.74163802,0.753397434
0.757306602,0.574045261
0.663983805,0.630723334
0.827837939,0.687453532
0.715881301,0.822441088
0.682349777,0.713565341
0.168668362,0.131729462
0.71828671,0.766231428
0.130864305,0.151804739
0.850391134,0.731996649
0.78971715,0.866116297
0.134245807,0.229018679
0.720054676,0.703645596
0.157231466,0.185431941
0.227102317,0.215404225
0.230401452,0.181680389
0.165159077,0.226735336
0.257147531,0.230222168
0.14460336,0.217024888
0.239762654,0.116359229
0.795185624,0.592088454
0.797873863,0.726364637
0.186949945,0.217260163
0.090103936,0.203592788
0.279652636,0.120005394
0.197189093,0.188062768
0.807491678,0.644479032
0.30336953,0.293838935
0.225103418,0.194909786
0.642663317,0.75805864
0.172684805,0.109209237
0.810015662,0.923569805
0.67078454,0.855139242
0.817358422,0.68974904
0.639332702,0.657843193
0.735961125,0.808960103
0.242460556,0.213374859
0.215544629,0.139154577
0.24269134,0.126519422
0.749318123,0.637964708
0.147922106,0.195163535
0.218487469,0.232697926
0.690241326,0.725367092
0.137551593,0.321235644
0.173674107,0.181184487
0.653890733,0.56408875
0.676748802,0.764927417
0.704450237,0.590259687
0.244926082,0.21712624
0.181340409,0.251802317
0.227573151,0.200801379
0.105439381,0.268047711
0.607188749,0.769873522
0.701523574,0.766080702
0.182995405,0.2621244
0.157049226,0.221789845
0.172853402,0.267122755
0.826416944,0.625364682
0.656655847,0.711915711
0.222524091,0.14919483
0.635687424,0.846823368
0.748654579,0.687747265
0.203995524,0.205971515
0.179110953,0.19715078
0.224813176,0.304805167
0.236904225,0.161055892
0.707379288,0.784325393
0.663303628,0.767337123
0.716827835,0.674466982
0.250010499,0.209327323
0.146506364,0.178033372
0.471520379,0.64104528
0.207821257,0.183173552
0.108969585,0.165066309
0.213466092,0.162221295
0.682863392,0.854398185
0.716673528,0.591611606
0.222901474,0.211492943
0.15149949,0.111572104
0.213145041,0.259792228
0.794289226,0.68043578
0.629426804,0.693874189
0.199003535,0.218221499
0.156415195,0.220568109
0.809685243,0.661016715
0.158074625,0.123070618
0.175156584,0.216891192
0.701491424,0.701941373
0.767277597,0.742111924
0.193866709,0.077802111
0.216535296,0.24874596
0.147783749,0.216079412
0.172782462,0.175966887
0.779821598,0.606917219
0.635499454,0.705776451
0.200870216,0.208111783
0.590314757,0.751035158
0.210724534,0.273877118
0.655776718,0.608109339
0.727674298,0.797873863
0.21810713,0.203504567
0.188404909,0.128806574
0.6867837,0.758497926
0.797139173,0.642798127
0.227533019,0.243372779
0.687676597,0.675801711
0.298798409,0.22546858
0.247867616,0.286179853
0.697410282,0.776185233
0.103981461,0.246766331
0.624277927,0.710348447
0.748083507,0.729695252
0.704680942,0.684212127
0.546680294,0.69244834
0.076061338,0.159391971
0.70771862,0.682228098
0.162363574,0.14699192
0.216502952,0.273222509
0.839080475,0.732365665
0.699215493,0.69109491
0.166219093,0.22553827
0.658693911,0.666611881
0.13154438,0.177729658
0.161976528,0.123958057
0.205447873,0.188259447
0.651481664,0.845220292
0.245420734,0.27034987
0.689543244,0.731432978
0.659348543,0.795483574
0.645289483,0.731072079
0.146356979,0.267330575
0.182011275,0.206572918
0.677826883,0.641547594
0.691990353,0.829997443
0.238253688,0.25621655
0.146884486,0.18096672
0.22898696,0.151407517
0.72547572,0.591219113
0.157429623,0.161180038
0.692997527,0.671361899
0.714499699,0.668975192
0.76928542,0.771848876
0.204728918,0.18457173
0.242285251,0.225159807
0.700409682,0.763718585
0.215532578,0.22738625
0.681729923,0.765672134
0.658668366,0.553656027
0.244589228,0.206083212
0.20500944,0.190960532
0.57563433,0.825046245
0.726157886,0.693164329
0.231653485,0.177204652
0.701994931,0.531265814
0.624354802,0.804005721
0.820018012,0.847655464
0.636604831,0.701073704
0.263651214,0.17452278
0.339010808,0.196595079
0.258128649,0.136107088
0.098290298,0.241002863
0.278125595,0.225546967
0.18637918,0.200801379
0.132707397,0.155971589
0.152035523,0.214209263
0.262198978,0.161910135
0.17940688,0.139640929
0.762059087,0.595425753
0.165051643,0.231971922
0.72476761,0.548121661
0.158085482,0.140402859
0.198134911,0.181344558
0.696777933,0.667497217
0.236035829,0.222507152
0.573964089,0.678894141
0.772276544,0.726732937
0.231145646,0.218368723
0.636846598,0.691807078
0.210532858,0.135099027
0.644515639,0.789099763
0.15653252,0.224046017
0.676170807,0.728515865
0.138295559,0.218881224
0.204871083,0.164438643
0.742465422,0.823722339
0.67525515,0.693126687
0.603543312,0.723659049
0.211779832,0.109506187
0.220223069,0.192527023
0.218147944,0.117544301
0.2084259,0.185790737
0.785611737,0.736997744
0.565234076,0.748920856
0.850337655,0.634618336
0.733634342,0.671600482
0.206599862,0.206426319
0.676080005,0.655232784
0.21895927,0.206530456
0.769583211,0.803555612
0.761592505,0.666917551
0.738764597,0.705421839
0.707363133,0.835005939
0.701973524,0.767533051
0.799951876,0.641365354
0.218499748,0.172751368
0.12482185,0.184531655
0.825551423,0.621968174
0.262132585,0.141493797
0.220588914,0.227470776
0.190594802,0.163790401
0.695243934,0.715200726
0.234229174,0.200437922
0.744301748,0.776185233
0.171666625,0.204744265
0.560336357,0.702493266
0.150422875,0.238711505
0.200625391,0.190575361
0.189588389,0.213311421
0.692324433,0.60772767
0.642212889,0.641106398
0.756117028,0.735357584
0.616268916,0.85320129
0.203865125,0.199076238
0.166564246,0.2124179
0.720562879,0.675869832
0.296803888,0.226519388
0.214233137,0.223951543
0.196464737,0.212812734
0.719943104,0.550406584
0.645456443,0.691645291
0.736016195,0.764845131
0.203792252,0.200162572
0.607020833,0.720138395
0.717528703,0.735084065
0.816344563,0.671058855
0.145912805,0.184900342
0.748382253,0.663635003
0.703962009,0.60417582
0.277534651,0.227408532
0.756509361,0.789985656
0.772066928,0.834189759
0.706190271,0.814591239
0.801627847,0.662663162
0.195301835,0.222982249
0.606001722,0.886020407
0.604814376,0.692997527
0.11408913,0.160415494
0.275715434,0.205432526
0.807788674,0.678630569
0.64601327,0.617782543
0.667616509,0.621998096
0.257650141,0.189498463
0.805034223,0.673606555
0.236040774,0.199845102
0.101945102,0.1838642
0.754326142,0.616005663
0.22101018,0.193488814
0.655449402,0.603764228
0.227524152,0.25651259
0.709731616,0.734877792
0.161045489,0.257747002
0.182857503,0.205282459
0.204848062,0.180112648
0.578608105,0.6674018
0.760534876,0.898776252
0.235872404,0.186426815
0.634767311,0.713374506
0.110243787,0.115716899
0.204698165,0.218909986
0.55617842,0.71709252
0.225730174,0.216964123
0.686925354,0.68229996
0.142275394,0.117124114
0.750110589,0.663849314
0.248881475,0.165591655
0.740195937,0.714220768
0.636232712,0.746016157
0.743571436,0.718142669
0.211489021,0.118061349
0.317293894,0.198134911
0.157231466,0.236194706
0.611617897,0.640516864
0.213057956,0.172751368
0.288721663,0.303434104
0.791448828,0.820041568
0.308605491,0.213799536
0.672967282,0.762832373
0.20831335,0.193068116
0.143334956,0.188510979
0.191833988,0.190979973
0.11175423,0.225525196
0.611080567,0.615541866
0.769653561,0.635261667
0.604516426,0.653537633
0.787932312,0.643208286
0.162444804,0.171720513
0.630749436,0.631643606
0.269095904,0.199191004
0.250972176,0.243635168
0.15476378,0.218762137
0.665412917,0.725647455
0.674152001,0.698106773
0.170007138,0.176485128
0.72442589,0.655868236
0.175178184,0.18879747
0.175790729,0.258726755
0.159328136,0.266953589
0.693987115,0.667634335
0.234821483,0.171868533
0.24410731,0.167510234
0.816859292,0.825873885
0.708986024,0.655153839
0.1818275,0.19143057
0.638099359,0.602720128
0.153049723,0.163065648
0.221378412,0.128488933
0.296236818,0.195612939
0.682570773,0.700747025
0.171306579,0.145602781
0.660741366,0.635622168
0.270618398,0.127011459
0.167552696,0.245966658
0.800609532,0.665128336
0.660572018,0.850661072
0.744681906,0.76982068
0.721066626,0.614093337
0.301498244,0.193936058
0.626284636,0.791448828
0.218270555,0.17680078
0.819855667,0.754253883
0.257059424,0.279625352
0.143646458,0.185914201
0.201405851,0.21088506
0.739052043,0.68396479
0.662397442,0.751813618
0.257843977,0.258833621
0.784992917,0.641365354
0.65733483,0.701373564
0.63393601,0.727645331
0.753828285,0.641030001
0.206522725,0.178184917
0.667013287,0.693519418
0.259109652,0.257501666
0.227381816,0.23518312
0.58882787,0.654474538
0.127331828,0.264415531
0.595474775,0.623882569
0.182076588,0.17965233
0.286400178,0.209105634
0.807771166,0.797959492
0.7301,0.683354007
0.60116321,0.67561398
0.288721663,0.049569576
0.196054328,0.190536367
0.173189574,0.11809068
0.557691728,0.708381608
0.74193239,0.699199417
0.128743364,0.250092467
0.754044426,0.740727537
0.326867235,0.234108439
0.161751428,0.177488642
0.806018479,0.59621997
0.787217995,0.707993413
0.803796265,0.822145366
0.574581954,0.594351095
0.693013682,0.637287794
0.192708808,0.256825229
0.178491587,0.207140443
0.691639879,0.727940814
0.699215493,0.59455132
0.201845933,0.099269824
0.198643887,0.208301754
0.682028908,0.686309081
0.702557567,0.651780887
0.759906824,0.569151998
0.722872393,0.756427712
0.213426416,0.21981698
0.698299677,0.599073737
0.200778414,0.142036425
0.19867066,0.157665523
0.744649039,0.721869278
0.760971774,0.689185767
0.233502715,0.262207164
0.783414352,0.757644183
0.645129366,0.721858057
0.77478684,0.695962867
0.263910193,0.123344376
0.2189346,0.134354719
0.251158963,0.166926907
0.169690521,0.21955658
0.29055293,0.166564246
0.206912558,0.217516186
0.232098683,0.207179096
0.660716218,0.672180944
0.157512046,0.208755819
0.100071998,0.202952675
0.623785799,0.742291776
0.723058851,0.690133176
0.275249091,0.186120997
0.159039883,0.183299006
0.859484989,0.66787252
0.691704658,0.730900742
0.267434826,0.141871351
0.690895162,0.671763145
0.179081736,0.187755587
0.654527539,0.49584536
0.661889239,0.797265706
0.205786603,0.180608436
0.211638349,0.226295083
0.666437758,0.597769248
0.202343654,0.196744577
0.129783826,0.183513248
0.732920821,0.668868792
0.685555053,0.751153893
0.160394575,0.194263476
0.228855879,0.295873929
0.231611421,0.199213969
0.797590237,0.621216136
0.676040294,0.921878872
0.25371794,0.122184088
0.175484911,0.248856919
0.695152655,0.740221244
0.629923547,0.814143677
0.171265993,0.266321491
0.178759831,0.139569534
0.715129422,0.678737128
0.602874833,0.795131827
0.205117101,0.155683393
0.764418737,0.698122848
0.18510043,0.139972554
0.215616934,0.119617949
0.199535248,0.140348289
0.176664412,0.2006292
0.85842561,0.623814767
0.715710998,0.725092777
0.211547968,0.108134669
0.752336304,0.625666452
0.595031669,0.814143677
0.132432047,0.163800292
0.793945437,0.661316576
0.733022604,0.740695863
0.145837203,0.163075709
0.151986979,0.185152385
0.032427979,0.819601009
0.750457083,0.663051516
0.757937837,0.708570453
0.74064517,0.7691982
0.674312436,0.878019036
0.675169681,0.661590731
0.648825098,0.672557202
0.597142789,0.67562536
0.788967499,0.614782825
0.525785562,0.696874385
0.213529529,0.174965988
0.128953912,0.263746029
0.684618307,0.785386046
0.176095637,0.248776769
0.6735031,0.804443734
0.736199629,0.70310954
0.711031011,0.757015177
0.581288068,0.661553408
0.111315172,0.198291855
0.654123427,0.791348556
0.65841315,0.792323421
0.274174523,0.211524378
0.277041932,0.300411853
0.598048418,0.760293905
0.687312037,0.661272886
0.1323461,0.156504553
0.299096724,0.195824055
0.200097543,0.218589844
0.698840667,0.636693484
0.180752705,0.162200889
0.832481,0.772459261
0.09123171,0.160582727
0.620689311,0.712100497
0.76746493,0.863059121
0.139362624,0.242427587
0.650578899,0.617825198
0.659974366,0.592228834
0.835525443,0.622523966
0.162170364,0.295825726
0.279816346,0.151725499
0.276729975,0.17101304
0.138694941,0.185750947
0.637343659,0.746402283
0.316528099,0.091595508
0.683750399,0.689239961
0.201115041,0.094283064
0.099788236,0.25697143
0.734013465,0.693180484
0.305256731,0.208631559
0.706878724,0.6674018
0.748130937,0.634444213
0.678664232,0.639667259
0.196127258,0.130614877
0.605351387,0.7093209
0.160389346,0.143284024
0.724990038,0.802857211
0.174165007,0.17631835
0.65199114,0.687660283
0.264127107,0.250946483
0.671035538,0.713641738
0.214991599,0.160921059
0.634874586,0.67531786
0.238438429,0.239862471
0.155005137,0.137518169
0.727009639,0.742491206
0.282218321,0.197066539
0.160326477,0.276519655
0.24458343,0.229933403
0.729888713,0.759437059
0.22547722,0.147492483
0.114930413,0.255965415
0.147948368,0.172848968
0.790625645,0.602069158
0.11483287,0.187921058
0.251639063,0.118813728
0.233766469,0.134598463
0.178705375,0.222982249
0.197116333,0.193828169
0.770191527,0.702477191
0.202515947,0.176715571
0.188730792,0.318590833
0.690489937,0.577781102
0.262632466,0.121073595
0.288925617,0.192085804
0.657037835,0.736175197
0.756301815,0.645347577
0.736806989,0.610124325
0.72436326,0.595360179
0.151853397,0.240655891
0.287281933,0.195321048
0.233115953,0.275872322
0.587386821,0.608601308
0.631297589,0.72475615
0.143797775,0.188679747
0.622226812,0.718375363
0.242757506,0.204552192
0.82239143,0.570301463
0.783359919,0.779107599
0.20147088,0.198781618
0.206329913,0.196173244
0.208375423,0.157270063
0.675756191,0.714658383
0.773075057,0.692588403
0.587034119,0.653817598
0.755440273,0.733983383
0.19336535,0.192136168
0.73705934,0.68756781
0.101708179,0.211280974
0.197771283,0.151548489
0.220834818,0.246571245
0.820841514,0.753914709
0.128520765,0.173660977
0.673174909,0.666509858
0.265745098,0.197012878
0.712726082,0.671786383
0.185766863,0.241540602
0.667711767,0.76422265
0.554549242,0.761892683
0.184515568,0.168229645
0.29428777,0.254487145
0.263496827,0.146580829
0.61375114,0.762776348
0.15234964,0.249153641
0.140348289,0.231275817
0.150454139,0.172083344
0.631488105,0.521708479
0.253365056,0.161443223
0.252262521,0.260003913
0.626915712,0.746009472
0.149888547,0.309810571
0.756776753,0.807456981
0.131942625,0.204644392
0.743460977,0.740949726
0.689943854,0.679895108
0.679509698,0.669988096
0.303794264,0.251717393
0.285660758,0.15339931
0.613694,0.701759213
0.197124007,0.149635026
0.202178979,0.129090109
0.212425801,0.211277052
0.181328131,0.215271894
0.726037321,0.792811251
0.715683543,0.583931423
0.660747573,0.747556046
0.689808566,0.8278946
0.242121428,0.186307728
0.18550777,0.24874596
0.59042426,0.823493146
0.630766944,0.644830381
0.82478331,0.756464796
0.147432684,0.169929263
0.184583781,0.186287889
0.245955062,0.112364956
0.621638391,0.636499785
0.722251902,0.691283835
0.671064744,0.756985414
0.621236349,0.66257053
0.650997176,0.583269948
0.723494636,0.687747265
0.776690571,0.623035512
0.667132976,0.787896979
0.12687799,0.12965013
0.278112635,0.171180273
0.679716449,0.753311487
0.221604933,0.222799554
0.116063189,0.176177037
0.773149067,0.731693764
0.215464366,0.16967216
0.682382883,0.740303371
0.663026926,0.676873266
0.758649925,0.664618064
0.66124161,0.753104259
0.830299213,0.63583433
0.681685596,0.800115494
0.65843225,0.777594768
0.72475615,0.759460058
0.122907818,0.315347575
0.219020945,0.251854727
0.234724053,0.212623104
0.25824154,0.183852092
0.692437597,0.712589999
0.210971235,0.236673555
0.615552849,0.786742898
0.741204225,0.684552494
0.255474402,0.194832933
0.719313779,0.716117656
0.64655243,0.685467514
0.762281515,0.667854615
0.706760308,0.756139152
0.774815171,0.829817909
0.716288118,0.699633212
0.27293329,0.241260364
0.268907525,0.280201517
0.272646344,0.215978799
0.747246158,0.662434526
0.167924794,0.215211754
0.201076785,0.201195417
0.770912211,0.690652123
0.849593416,0.739333918
0.108909558,0.187680667
0.163271364,0.24676042
0.639480722,0.801093065
0.733862898,0.78977795
0.801597288,0.651495352
0.194463622,0.178851861
0.734049594,0.624537042
0.720786661,0.777052664
0.209697374,0.251599955
0.1928325,0.27581184
0.192608252,0.178121764
0.271778004,0.188495233
0.142771638,0.203903438
0.627201407,0.668815632
0.196414886,0.193685492
0.65977239,0.699590318
0.150021106,0.190341621
0.194636767,0.253277176
0.260446268,0.179110953
0.234558752,0.232037633
0.164586209,0.277331606
0.244282615,0.22531624
0.707573226,0.699767067
0.702386071,0.57829392
0.754261045,0.673962679
0.202083254,0.143458306
0.730670753,0.637063376
0.756583531,0.62438361
0.237357722,0.192143898
0.580674659,0.715700016
0.153758334,0.173118918
0.756205681,0.663500113
0.278203357,0.213485874
0.228765555,0.170354338
0.723404073,0.655907469
0.141387387,0.180933808
0.222867482,0.266962912
0.19166721,0.242236024
0.714658383,0.78034699
0.192031576,0.198157875
0.600667581,0.619216907
0.685045974,0.745201728
0.674466982,0.549120559
0.309429493,0.140176508
0.236853976,0.150052597
0.723149414,0.657179966
0.730653086,0.843865509
0.732407365,0.604773631
0.632815831,0.736800861
