  2.9471078e-001  2.0518935e-001
  1.5464037e-002  3.1730809e-001
  5.6343466e-002  2.7555701e-001
  2.0379229e-001  2.8243315e-001
  3.8041045e-002  2.1640661e-001
  3.8271683e-002  1.5780407e-001
  2.2772702e-001  4.4432874e-002
  1.5469273e-001  2.3750003e-002
  1.9373948e-001  1.8865963e-001
  8.5087402e-002  7.9498046e-002
  5.3179262e-003  1.2824824e-001
  2.5243339e-001  1.9172002e-001
  1.3602850e-001  6.5236058e-002
  1.7072478e-001  2.3778190e-001
  2.8912852e-001  2.4726847e-001
  3.3161085e-001  2.8891607e-001
  1.6193759e-001  3.0110180e-001
  6.7714951e-003  2.1226248e-001
  3.1468524e-001  1.3593385e-002
  9.5223880e-002  2.2575127e-001
  1.9539277e-001  2.1656540e-002
  2.9307062e-001  1.6263644e-001
  2.9715852e-001  2.5409824e-001
  2.1843494e-001  3.2382717e-001
  5.7046369e-002  4.5321717e-002
  2.5173689e-001  1.0440565e-001
  1.5441747e-001  1.1314472e-001
  3.2072775e-003  1.1126715e-001
  8.2274419e-002  3.3135363e-001
  3.0185566e-001  1.1658945e-001
  9.2705158e-002  3.0974555e-002
  8.0176760e-002  3.0054888e-001
  1.0808197e-001  1.9090112e-001
  6.1688361e-002  2.4597006e-001
  3.7252133e-002  1.2791722e-001
  2.8745489e-001  2.8569431e-001
  2.7312122e-001  8.1898348e-002
  2.9919611e-001  2.0137451e-001
  4.6577123e-002  5.3767117e-002
  2.9438428e-001  3.2619504e-001
  2.0043919e-001  1.2060200e-001
  7.7134599e-002  1.4991016e-001
  2.1436716e-001  8.1739170e-002
  1.5600454e-001  1.6581059e-001
  2.4988316e-002  2.5553161e-001
  1.5122413e-002  5.5037533e-002
  2.5906621e-001  6.9449513e-002
  8.3925401e-002  1.3217461e-001
  1.6022927e-001  1.6976358e-001
  2.0826551e-001  2.0851580e-001
  3.3038892e-001  1.1974065e-001
  9.1997043e-002  2.2603891e-001
  1.6958756e-001  9.2286571e-002
  1.9294693e-001  2.7427849e-001
  3.1381816e-001  1.4810580e-001
  1.4107637e-001  3.3206591e-001
  2.0470604e-001  3.1468869e-001
  3.0402727e-001  2.7165894e-001
  2.2987898e-001  1.0288467e-001
  1.8606551e-001  2.1225253e-001
  2.5636037e-001  1.8010339e-002
  3.8277114e-002  2.8199683e-001
  5.7461102e-002  1.2327661e-002
  1.0418483e-001  2.7242689e-001
  7.8212233e-002  1.9581380e-001
  3.0806144e-001  1.1001638e-001
  6.8513636e-002  1.2149571e-001
  3.2523824e-001  2.3896471e-001
  2.1443657e-001  2.6085575e-001
  1.5549394e-001  7.7425749e-002
  1.0595966e-001  2.6293062e-001
  2.1148092e-001  2.1992762e-001
  1.7919448e-001  3.0640553e-001
  2.6016868e-001  1.0890316e-001
  2.4624926e-001  1.4591129e-001
  1.9726551e-001  3.8169735e-002
  1.0638855e-001  2.0728445e-001
  2.9818456e-001  3.2119535e-001
  6.6878257e-003  3.6883950e-002
  1.3434002e-001  3.2398355e-002
  9.7682990e-002  2.2623587e-001
  3.2659722e-001  1.3314453e-001
  2.7362810e-001  4.3873107e-002
  2.8163039e-001  7.7575555e-002
  2.2384870e-002  1.1048404e-001
  1.9174484e-001  4.5606423e-002
  2.8926590e-001  1.0975540e-001
  1.6266730e-001  1.4384558e-001
  8.6847190e-002  3.2766760e-001
  3.2189932e-001  3.1617244e-001
  1.5057413e-001  1.1056433e-001
  2.5864887e-003  5.5279987e-002
  2.7605563e-001  2.1446691e-001
  1.0742506e-001  8.7898554e-003
  1.1848097e-001  2.4796151e-001
  9.9554603e-002  6.0407722e-002
  1.3839723e-001  2.8911333e-001
  2.0831328e-001  1.8400763e-002
  1.3469763e-001  1.0065339e-001
  5.0773240e-002  1.0305607e-001
  1.0860971e-003  1.4580295e-001
  2.2547043e-001  2.7430433e-001
  2.5194845e-001  5.4212966e-002
  1.8401436e-001  1.7503123e-001
  3.0645176e-001  1.4730232e-001
  1.4934113e-002  3.2152783e-001
  4.4874717e-003  1.8400783e-001
  3.1143321e-001  2.9953629e-001
  2.0599657e-001  2.3330817e-001
  3.1303167e-001  1.5069472e-001
  5.8890595e-002  2.0558840e-001
  1.7279338e-001  1.2149769e-001
  2.5776990e-001  2.7609233e-001
  1.0613003e-001  1.9865986e-001
  2.6060602e-001  1.1197450e-002
  2.8565915e-001  2.2753700e-001
  2.6728353e-001  3.0589903e-001
  1.2936996e-001  1.5732698e-001
  2.9352780e-002  3.0836847e-001
  2.2615995e-001  2.1367744e-001
  3.3196926e-001  1.6651414e-001
  1.4335054e-001  2.7638953e-001
  3.8898687e-002  1.9956144e-001
  7.3741519e-002  1.3289229e-001
  1.0038411e-001  2.1118132e-001
  3.1499444e-001  1.9569362e-003
  2.7219962e-001  2.3029509e-001
  3.2699493e-001  2.3246548e-002
  1.4984918e-002  2.4665125e-001
  2.7304056e-001  8.6946858e-002
  2.3467091e-001  9.8825224e-002
  2.7430334e-002  2.9179454e-001
  2.5817217e-002  2.4699477e-001
  4.1690042e-002  1.4790431e-001
  1.9749437e-001  2.1211601e-001
  1.7757828e-001  6.9572177e-002
  2.2457602e-001  8.0636166e-002
  2.4017645e-001  1.3332135e-001
  1.3134532e-001  1.3716742e-001
  4.9914572e-002  2.9274429e-001
  7.2519314e-003  3.0794423e-001
  2.1087245e-001  2.2305263e-002
  2.1089086e-001  2.5124802e-001
  2.5655427e-001  2.6934535e-001
  1.8111129e-001  1.6169470e-001
  1.4707309e-001  2.0883286e-001
  2.5927719e-002  1.8135428e-001
  6.9699010e-002  8.9999558e-002
  9.7227154e-002  2.7407352e-001
  1.3716606e-001  1.7565188e-001
  3.0673602e-001  1.2637854e-001
  2.1296626e-001  5.7912963e-002
  2.6193339e-001  1.2187702e-001
  2.5898066e-001  1.1404877e-001
  2.5805865e-001  4.9277405e-002
  4.9414100e-002  2.1301721e-001
  3.1124332e-002  3.0959613e-001
  1.6171195e-001  5.4415043e-002
  9.2114018e-002  4.3657908e-002
  7.7400322e-003  7.7099124e-002
  2.8175285e-001  2.4211872e-001
  2.3156260e-001  1.2770209e-001
  1.5994750e-001  3.2235964e-001
  2.6117868e-001  1.3657867e-001
  3.1912172e-001  6.5659762e-002
  1.7644827e-001  1.6806427e-001
  1.6113559e-001  1.2587119e-001
  1.7323988e-001  2.7192297e-001
  6.9542919e-002  1.2959836e-001
  1.5380894e-002  1.0160152e-001
  2.7127981e-001  2.2736466e-001
  2.9414575e-001  2.7266314e-002
  1.6494189e-001  1.4344359e-001
  1.1515253e-001  3.0455321e-001
  5.3390551e-002  1.2928972e-001
  3.2240555e-001  2.2241563e-002
  1.0557588e-001  4.2241199e-002
  3.8600042e-002  5.4785851e-002
  3.1315933e-002  1.7737750e-001
  2.5413482e-001  1.3916523e-001
  2.7850988e-001  2.6824303e-001
  3.0570553e-003  2.1490444e-001
  3.7450924e-002  7.1900665e-002
  3.0309572e-001  4.8226161e-002
  6.9159291e-002  2.8354693e-001
  2.3770302e-001  2.6808293e-002
  2.7289970e-001  1.1631959e-001
  5.4182448e-002  1.7991700e-001
  3.0777566e-001  1.4570786e-001
  1.8004179e-001  2.3278445e-001
  6.8479504e-004  2.7886776e-001
  2.9647458e-001  6.5836868e-003
  3.2806651e-002  1.2471853e-001
  3.2249297e-001  2.0652845e-001
  2.2334612e-001  1.5205639e-001
  2.7934511e-001  2.7436602e-001
  1.8070404e-001  3.0797061e-002
  9.8425463e-002  2.0074590e-001
  6.0946194e-002  2.4439008e-001
  1.8296399e-001  5.2053464e-002
  3.0835675e-001  6.7385036e-002
  2.8161869e-003  2.2970381e-001
  1.3365590e-001  1.2652764e-001
  3.0106202e-001  3.1445015e-001
  1.5799317e-001  5.9201617e-003
  2.7331818e-001  1.9129486e-002
  3.0042656e-002  2.3221820e-001
  4.9049718e-002  1.9192923e-002
  2.1119246e-002  2.4094321e-001
  1.1236080e-002  2.3190584e-001
  7.3725496e-002  2.0846202e-001
  1.7109757e-001  1.9190270e-001
  9.5747969e-002  2.9756157e-001
  3.0864234e-002  9.7494860e-002
  2.7396620e-001  3.3133970e-001
  2.2605348e-002  3.2436178e-001
  3.0759585e-001  3.1957706e-001
  1.8772122e-001  3.1684177e-001
  1.0607469e-001  8.8632359e-002
  2.0361407e-002  1.1092261e-001
  9.7474279e-002  1.3416156e-001
  1.1370767e-002  9.5822962e-002
  7.3207113e-002  1.8864262e-001
  2.9003096e-001  8.4995494e-002
  1.9727011e-001  1.7423090e-001
  4.3048730e-002  1.2586712e-003
  1.0860549e-001  1.2025427e-001
  3.3134491e-001  3.1332098e-001
  1.4471269e-001  3.1183510e-001
  1.6561098e-001  3.2369032e-001
  3.1922465e-001  2.4024195e-001
  2.1598784e-001  2.8753335e-001
  1.0303063e-002  1.2195932e-001
  3.1273511e-002  1.1154998e-001
  2.4425106e-003  2.7184212e-001
  8.3366014e-003  1.4140105e-001
  1.1267334e-002  2.2556780e-001
  1.0931913e-001  1.8668917e-001
  1.4160237e-001  5.0033676e-002
  2.1454424e-002  2.0548162e-001
  2.0966861e-001  5.8879397e-002
  1.3597237e-001  2.3537976e-001
  1.4326341e-001  7.0310751e-002
  1.9699666e-001  2.7906762e-001
  2.9609594e-001  2.9520135e-001
  3.2096932e-001  2.5654416e-001
  1.2264754e-001  2.2711795e-002
  3.6298831e-002  3.1227388e-001
  1.7035182e-001  7.0425926e-002
  1.4036835e-001  2.7651288e-001
  8.0264136e-001  2.0466965e-001
  7.5411385e-001  2.8046235e-001
  7.6380592e-001  7.4390231e-002
  7.4197810e-001  9.4411213e-002
  9.4306862e-001  1.8417145e-001
  8.3578679e-001  2.0101081e-001
  8.8718237e-001  1.9553912e-001
  9.7413008e-001  1.6639743e-001
  9.4618506e-001  3.0648469e-001
  8.6867367e-001  2.8518101e-001
  7.3495312e-001  1.5934477e-001
  7.9373367e-001  1.4138356e-001
  8.3248314e-001  2.9475195e-002
  8.6069509e-001  7.0344555e-003
  6.6824100e-001  1.8469634e-001
  7.0400343e-001  2.3273559e-001
  9.1702311e-001  8.3280856e-002
  7.4971578e-001  3.2140245e-001
  7.8259221e-001  1.5798323e-001
  9.5365941e-001  3.7200043e-002
  7.9809477e-001  2.8442438e-001
  9.1311414e-001  2.5416080e-001
  7.4515352e-001  2.5234268e-001
  7.4405184e-001  1.5361970e-001
  6.7845986e-001  1.7474037e-001
  7.9974484e-001  2.9981024e-001
  7.2381165e-001  8.2394881e-003
  8.6406086e-001  1.9007309e-001
  8.6082061e-001  1.1377935e-001
  8.5318657e-001  1.3255789e-001
  9.8189650e-001  2.9216801e-001
  9.9614981e-001  1.3045663e-001
  9.7337174e-001  1.5250235e-001
  8.8721428e-001  1.7381661e-001
  9.9430041e-001  2.9988973e-001
  8.7673480e-001  1.1560865e-001
  7.6861312e-001  3.0041300e-001
  7.0219869e-001  9.8772901e-002
  9.5051912e-001  2.4313786e-001
  8.8092721e-001  8.9395915e-002
  9.0937662e-001  2.9740166e-001
  8.3664305e-001  1.8436324e-001
  9.6028897e-001  2.8541994e-001
  8.6651421e-001  1.6074886e-001
  6.7066963e-001  9.2929715e-002
  8.5804316e-001  2.7597334e-001
  9.0152481e-001  1.1395281e-001
  8.0067545e-001  1.7963463e-001
  7.2991485e-001  1.4489712e-001
  8.0289445e-001  6.8545498e-002
  7.6446466e-001  8.5374353e-002
  7.7087026e-001  1.8289225e-001
  9.4360593e-001  9.9166278e-002
  9.5905468e-001  2.5162841e-001
  7.7507900e-001  8.6038913e-002
  9.1137641e-001  1.4581468e-001
  7.7081890e-001  3.0121874e-001
  8.9835861e-001  2.5226473e-001
  7.5554783e-001  2.0374097e-001
  7.2409435e-001  5.0626170e-002
  8.9464744e-001  7.2650691e-002
  9.2122814e-001  2.2315548e-002
  7.4672724e-001  1.1807174e-001
  8.6921997e-001  1.3762590e-001
  8.7204097e-001  1.4394236e-001
  8.0529954e-001  2.3860286e-001
  9.5883038e-001  8.7415653e-002
  6.7681207e-001  2.1444069e-001
  9.4151851e-001  2.5954199e-001
  8.2508597e-001  2.8109277e-001
  7.4753327e-001  1.2332269e-001
  9.8821539e-001  1.5635235e-001
  8.4430973e-001  1.8012671e-002
  8.7409343e-001  2.2172592e-001
  9.1984219e-001  2.2516987e-001
  7.7571342e-001  3.2811033e-001
  8.3742255e-001  2.7245846e-001
  7.9817642e-001  1.6062357e-001
  9.0762324e-001  1.9307734e-001
  7.4082361e-001  7.5308264e-002
  7.8512647e-001  2.1402410e-001
  8.8100697e-001  1.7380764e-002
  9.9750627e-001  1.2928395e-001
  7.6635086e-001  8.2516947e-002
  6.8345655e-001  1.8473878e-001
  8.7970489e-001  7.0954561e-002
  7.4214625e-001  2.2160702e-002
  8.4898152e-001  1.1681937e-001
  6.8645180e-001  2.1566694e-001
  9.9103137e-001  1.6454628e-001
  8.0419718e-001  3.2675000e-001
  8.4898909e-001  2.2602007e-001
  8.3641218e-001  2.7645147e-001
  9.3889440e-001  7.3391334e-002
  6.9716289e-001  1.5086318e-001
  9.2206607e-001  8.7684365e-002
  9.8109004e-001  1.5460641e-001
  8.2981655e-001  2.4256306e-001
  9.7102217e-001  1.8459186e-001
  8.1560691e-001  2.5260072e-001
  8.9715892e-001  2.0068286e-001
  7.0744163e-001  1.3028062e-001
  8.9207569e-001  2.6862464e-001
  6.9852919e-001  9.2290957e-002
  6.7841122e-001  1.5146620e-001
  8.4420573e-001  8.8648593e-002
  7.0089382e-001  1.8304220e-001
  9.7858709e-001  4.7883917e-002
  8.4661520e-001  6.8357569e-002
  8.5861111e-001  8.4397650e-002
  8.8327414e-001  2.2309584e-003
  6.7034546e-001  2.4477921e-001
  7.0017120e-001  2.5835278e-001
  9.1525838e-001  4.9973826e-002
  6.7170615e-001  1.7143455e-002
  7.9452251e-001  1.4636281e-001
  6.7861959e-001  2.7840368e-001
  9.2741008e-001  2.8608226e-001
  9.0427059e-001  1.9819931e-001
  9.1679257e-001  6.8578685e-002
  6.9826661e-001  7.3581374e-002
  7.2000481e-001  2.1346508e-001
  8.8024369e-001  8.2990818e-002
  7.0884633e-001  2.7164439e-001
  8.7143585e-001  1.7139420e-001
  6.6882278e-001  8.4251703e-003
  9.4482637e-001  5.0618664e-002
  9.6629028e-001  2.7350752e-001
  8.5044524e-001  3.2907491e-001
  8.5432036e-001  3.3180769e-001
  9.8255041e-001  5.7399323e-002
  7.9103219e-001  1.1655599e-001
  9.3982887e-001  2.5533856e-001
  8.7974321e-001  2.3902294e-001
  9.5909090e-001  2.9752059e-001
  9.7042179e-001  2.2287765e-001
  8.8641546e-001  2.3325024e-002
  8.6545949e-001  2.4448528e-001
  8.3958929e-001  2.9860008e-001
  9.6529078e-001  1.5076541e-001
  7.9902625e-001  2.0008140e-001
  9.8873990e-001  2.8937207e-001
  9.1145036e-001  1.2365223e-001
  9.4496335e-001  1.7012705e-001
  9.7156730e-001  4.5282430e-002
  8.0744827e-001  3.0690675e-001
  9.6150479e-001  2.5522509e-001
  7.0023393e-001  1.2738155e-001
  7.1174831e-001  2.8248090e-001
  6.8539265e-001  1.2826455e-001
  7.5742720e-001  2.4091438e-001
  8.3849778e-001  1.6733395e-001
  7.2174020e-001  2.2851873e-001
  8.6308703e-001  1.7100498e-001
  8.7984577e-001  1.9519097e-001
  6.9311188e-001  3.2068211e-001
  6.8162319e-001  1.8264623e-001
  9.5169060e-001  6.8966624e-002
  6.6872665e-001  1.4559628e-001
  7.3435684e-001  1.9661215e-002
  9.7020969e-001  3.0937889e-001
  9.4867036e-001  1.3556048e-001
  7.7411700e-001  2.0484532e-001
  8.6684419e-001  3.1303942e-001
  7.5863293e-001  2.8661803e-001
  8.1917914e-001  2.0007265e-001
  9.3064548e-001  2.1382010e-001
  9.0039225e-001  2.0488116e-001
  8.9607722e-001  2.6237075e-001
  9.8385006e-001  3.0283515e-001
  9.6436458e-001  2.0493532e-001
  7.1257257e-001  2.8915082e-001
  8.1008794e-001  2.6277583e-001
  9.8133767e-001  2.5105975e-001
  9.0904947e-001  2.1949305e-001
  8.5362685e-001  1.3615645e-001
  7.1314241e-001  1.4039049e-001
  8.0295178e-001  1.4114831e-001
  8.7556462e-001  7.1795968e-002
  6.7699383e-001  3.4705124e-002
  6.8705968e-001  2.3716921e-001
  8.4447222e-001  2.2559575e-001
  8.5124683e-001  1.3859768e-001
  8.8133180e-001  1.7939068e-001
  9.1742763e-001  8.4452847e-003
  7.4302266e-001  2.3829844e-001
  7.9151285e-001  1.9311847e-001
  9.6527351e-001  2.5159957e-001
  6.7186599e-001  1.6720533e-001
  9.0649223e-001  9.0598752e-002
  9.0925316e-001  2.6304420e-001
  9.5366210e-001  2.9606173e-002
  7.3191915e-001  3.2526076e-001
  9.3872980e-001  2.3271412e-001
  7.1522800e-001  2.3703913e-001
  8.4216610e-001  3.0666109e-001
  7.3950441e-001  1.9051519e-001
  7.2100144e-001  1.2957693e-001
  7.4467602e-001  2.5238942e-001
  7.0579633e-001  1.3249822e-001
  8.1239329e-001  3.2924593e-001
  8.3407522e-001  3.2581499e-001
  7.8401554e-001  7.3255480e-002
  9.9198396e-001  2.3790399e-001
  9.1695594e-001  3.3023287e-001
  6.7416188e-001  6.5951931e-002
  9.8238786e-001  3.0338547e-001
  7.2090526e-001  1.5059283e-001
  8.5712876e-001  1.5922198e-001
  7.0285749e-001  1.8909112e-001
  9.2617472e-001  1.8019974e-001
  9.4263486e-001  2.2362372e-002
  9.3435874e-001  2.0667039e-001
  8.4326793e-001  1.7440478e-002
  9.7012667e-001  1.5965095e-001
  7.6142546e-001  2.2299841e-002
  9.3147814e-001  1.4488284e-002
  9.2660830e-001  1.4908539e-001
  8.5388040e-001  3.2739011e-001
  9.3289588e-001  2.1695204e-001
  9.5391401e-001  6.1006383e-002
  6.8525019e-001  1.0772007e-001
  7.2678000e-001  2.0849108e-001
  8.3251675e-001  2.3930928e-001
  6.8561684e-001  3.9693055e-002
  8.4231527e-001  2.9284121e-001
  8.4548067e-001  1.5816734e-001
  6.6779749e-001  2.3210344e-001
  8.7001280e-001  8.5351791e-002
  8.0363012e-001  3.0737313e-001
  9.1800735e-001  3.4043651e-002
  6.9141077e-001  2.1019008e-001
  7.1930446e-001  2.9395029e-001
  8.1049727e-001  2.9974911e-001
  9.9324864e-001  1.2082761e-001
  8.9380892e-001  2.0373160e-001
  6.9753070e-001  2.3927159e-001
  9.2681604e-001  1.8228713e-001
  6.8889855e-001  7.7481947e-002
  9.0577301e-001  2.1803054e-001
  7.3467775e-001  1.4040082e-001
  7.2632085e-001  3.3167958e-001
  8.4828401e-001  8.5776189e-002
  9.5072380e-001  2.5006343e-001
  9.0396325e-001  7.5682025e-003
  9.6780310e-001  2.4649352e-001
  8.2393127e-001  1.6852063e-001
  7.9824900e-001  1.2710272e-001
  7.2098457e-001  2.6750683e-001
  9.6834494e-001  2.6161326e-001
  9.5775631e-001  8.5969180e-001
  8.0709667e-001  9.3775667e-001
  8.9842407e-001  8.1376615e-001
  8.2356416e-001  9.6047428e-001
  8.8170673e-001  7.1541058e-001
  7.3746207e-001  7.0865590e-001
  8.4536514e-001  9.4661922e-001
  7.4663573e-001  6.7411057e-001
  7.1611178e-001  8.2523034e-001
  9.5934175e-001  9.5440331e-001
  9.9870993e-001  9.1910676e-001
  9.6192051e-001  7.8956169e-001
  9.0531827e-001  7.6190443e-001
  9.2982687e-001  7.3514033e-001
  8.0994964e-001  8.7627959e-001
  8.5311632e-001  7.4878129e-001
  8.8550801e-001  7.1077341e-001
  8.3780313e-001  7.5799971e-001
  8.6244884e-001  7.5614549e-001
  9.2809157e-001  7.1620452e-001
  9.2443081e-001  8.3997016e-001
  8.6223853e-001  8.3965976e-001
  7.1352272e-001  7.7197315e-001
  9.5375967e-001  8.1114959e-001
  6.8648998e-001  9.6195372e-001
  7.5199485e-001  7.6251675e-001
  7.4131418e-001  8.6374073e-001
  8.5477686e-001  9.5531580e-001
  7.3988310e-001  7.6707931e-001
  8.6235182e-001  9.6734960e-001
  8.4124856e-001  8.8958352e-001
  8.9229374e-001  9.8430773e-001
  8.7464525e-001  8.1929994e-001
  8.8258815e-001  9.9295561e-001
  8.0714961e-001  9.9192908e-001
  8.3953579e-001  8.4763185e-001
  7.9304178e-001  9.4972324e-001
  8.4852670e-001  9.3838331e-001
  8.2858303e-001  7.0539799e-001
  7.1447732e-001  9.2822853e-001
  7.5631186e-001  8.5225189e-001
  7.1190203e-001  8.0817960e-001
  6.8587757e-001  9.3227211e-001
  8.5317022e-001  9.2378654e-001
  9.9833808e-001  6.9652039e-001
  9.0710975e-001  9.9910842e-001
  7.0269618e-001  8.1891926e-001
  7.1101726e-001  9.0127952e-001
  7.6875741e-001  6.8810670e-001
  7.2459139e-001  7.3083383e-001
  8.9011727e-001  7.9568786e-001
  6.9008939e-001  8.9368285e-001
  9.5205108e-001  6.9903258e-001
  7.9728732e-001  7.9198433e-001
  8.3850600e-001  9.6475545e-001
  8.8060701e-001  7.3442533e-001
  6.8962724e-001  9.3338164e-001
  8.0768634e-001  9.6410559e-001
  9.9730252e-001  8.0029209e-001
  7.8022957e-001  7.7224695e-001
  7.8809589e-001  8.7191079e-001
  8.6581732e-001  8.9507945e-001
  9.9127350e-001  7.6010896e-001
  7.2465605e-001  9.7396965e-001
  7.5341480e-001  7.9168720e-001
  8.8158075e-001  7.7215612e-001
  7.3080535e-001  7.4439096e-001
  7.3994773e-001  6.9314614e-001
  7.0795798e-001  8.4586149e-001
  8.9628753e-001  9.0670642e-001
  9.7960058e-001  6.6940791e-001
  8.6056070e-001  8.5211561e-001
  8.9645915e-001  9.2031758e-001
  9.4143065e-001  8.4256426e-001
  7.8050470e-001  6.8942924e-001
  7.5468036e-001  9.9805609e-001
  7.9514856e-001  9.2875014e-001
  9.5653691e-001  6.9506517e-001
  8.2790292e-001  9.4818369e-001
  8.2194651e-001  8.6641209e-001
  7.3605166e-001  8.3901904e-001
  7.1933588e-001  9.1479270e-001
  8.2969234e-001  8.8321469e-001
  6.8058511e-001  7.7827199e-001
  8.1111873e-001  6.9953028e-001
  8.9364096e-001  6.7570775e-001
  7.7361604e-001  6.8416001e-001
  7.8985252e-001  7.9462531e-001
  7.7862588e-001  9.6356328e-001
  7.4604578e-001  6.9365273e-001
  7.6716352e-001  7.2667473e-001
  9.0538860e-001  9.3008830e-001
  7.7710921e-001  9.2720521e-001
  9.2555308e-001  7.0156454e-001
  7.7632653e-001  7.5370194e-001
  7.9613311e-001  9.6579122e-001
  9.2225919e-001  7.4809689e-001
  8.1821585e-001  7.5745251e-001
  8.0772712e-001  8.9966032e-001
  9.3914405e-001  9.4182478e-001
  8.0108830e-001  8.8386627e-001
  7.1747710e-001  7.7996867e-001
  6.7309512e-001  9.2276411e-001
  8.1929271e-001  6.8118586e-001
  6.9985394e-001  9.8564144e-001
  8.6960118e-001  7.4891529e-001
  9.7650648e-001  8.0997600e-001
  6.8299174e-001  9.6829288e-001
  9.9274478e-001  8.8592713e-001
  9.0898716e-001  8.2954335e-001
  8.9526087e-001  7.8764705e-001
  8.0033213e-001  8.3811757e-001
  6.8183668e-001  9.9711953e-001
  7.6986970e-001  7.5215717e-001
  8.7003444e-001  8.1566093e-001
  8.0614634e-001  8.0394730e-001
  9.0468554e-001  7.0092600e-001
  7.9339073e-001  9.1748350e-001
  7.1639015e-001  8.8696080e-001
  7.4564770e-001  9.0920426e-001
  7.5284407e-001  8.2317021e-001
  9.5250483e-001  9.4447096e-001
  8.2532568e-001  7.8004485e-001
  8.4740472e-001  8.5383423e-001
  9.7507257e-001  7.5813090e-001
  7.6521388e-001  8.7084858e-001
  9.6354631e-001  9.0481629e-001
  7.3383344e-001  7.0272300e-001
  9.1267734e-001  9.2067429e-001
  7.5965890e-001  9.4840611e-001
  8.7479547e-001  8.7389023e-001
  9.8496449e-001  7.6513772e-001
  8.7727343e-001  8.4376477e-001
  9.5705526e-001  8.6148545e-001
  8.6754398e-001  8.2938367e-001
  9.8088311e-001  7.8217544e-001
  7.3323012e-001  6.9936662e-001
  8.8403848e-001  8.6865575e-001
  9.3702575e-001  8.2058549e-001
  6.9790662e-001  7.0089839e-001
  9.5818141e-001  6.8691866e-001
  9.4907925e-001  8.1803615e-001
  7.4939367e-001  9.9619362e-001
  8.5477265e-001  7.4017707e-001
  9.5916943e-001  9.0918788e-001
  9.5102811e-001  7.2589276e-001
  8.4676745e-001  8.2406142e-001
  9.1079817e-001  9.9353240e-001
  8.8894088e-001  8.9437845e-001
  9.5846451e-001  8.3589772e-001
  8.2263098e-001  7.4828164e-001
  8.5534293e-001  9.2024143e-001
  7.8172299e-001  8.1584903e-001
  8.3859619e-001  7.1911463e-001
  9.9362611e-001  7.6625128e-001
  7.1820076e-001  9.7857941e-001
  8.9128718e-001  8.0930335e-001
  9.4426959e-001  7.2377439e-001
  8.1354736e-001  9.1748052e-001
  8.7183195e-001  7.5138969e-001
  7.8346928e-001  8.7100421e-001
  7.7924150e-001  8.7866402e-001
  8.3886814e-001  8.3984519e-001
  8.7548307e-001  9.8306291e-001
  7.4116124e-001  9.9821430e-001
  9.5913508e-001  8.7531545e-001
  7.3729277e-001  9.7184703e-001
  7.1141708e-001  9.8935502e-001
  8.7330203e-001  8.8025694e-001
  6.7118981e-001  9.2984432e-001
  9.6651847e-001  6.6739273e-001
  8.3877875e-001  8.7480904e-001
  7.5506308e-001  7.9966056e-001
  9.9254277e-001  7.6790247e-001
  8.5558504e-001  7.3870744e-001
  7.1180169e-001  9.9287337e-001
  7.3811033e-001  7.1192912e-001
  6.8422102e-001  7.5487958e-001
  9.1910704e-001  8.1189750e-001
  8.3555271e-001  8.3157454e-001
  6.9806970e-001  9.9040336e-001
  8.0830003e-001  7.5673014e-001
  9.7841675e-001  7.4024971e-001
  7.2987312e-001  7.6019849e-001
  8.9135319e-001  8.6606844e-001
  7.9628229e-001  9.7861434e-001
  9.4231382e-001  6.8375847e-001
  9.4256737e-001  7.9593567e-001
  8.1524491e-001  6.6972385e-001
  7.6006195e-001  7.6400578e-001
  8.0996263e-001  9.0044548e-001
  6.7011918e-001  7.4566555e-001
  8.0049196e-001  6.9589714e-001
  9.6118198e-001  8.1217079e-001
  7.6959672e-001  9.4141895e-001
  8.9583118e-001  8.4347132e-001
  7.2586289e-001  9.6567119e-001
  9.3665616e-001  7.9637629e-001
  8.2633265e-001  8.6913350e-001
  8.8396816e-001  9.2084121e-001
  8.1590307e-001  8.8099417e-001
  7.6019442e-001  8.1442882e-001
  7.4940134e-001  7.1720627e-001
  7.3550896e-001  9.7138671e-001
  8.6086920e-001  8.9776790e-001
  9.5216367e-001  8.2882511e-001
  7.8091079e-001  8.0621508e-001
  7.0623738e-001  8.3952189e-001
  9.9052793e-001  7.7635761e-001
  7.7972322e-001  9.3395854e-001
  7.1989994e-001  7.1974777e-001
  7.2122149e-001  9.7144978e-001
  9.2500612e-001  8.0996217e-001
  7.5305216e-001  8.7412911e-001
  9.9508311e-001  8.7897635e-001
  7.4435458e-001  9.2816607e-001
  6.6780165e-001  9.3246987e-001
  7.3588483e-001  7.3317672e-001
  9.9252647e-001  8.7435718e-001
  6.8507194e-001  7.1409946e-001
  8.0261400e-001  9.2605041e-001
  7.2092246e-001  6.7540190e-001
  9.5045091e-001  7.5097568e-001
  7.9838522e-001  8.9576266e-001
  9.5699648e-001  8.9366111e-001
  7.1306658e-001  8.5899645e-001
  8.9480436e-001  7.7206577e-001
  8.3727829e-001  8.1536709e-001
  8.4006038e-001  7.8867729e-001
  8.8410271e-001  9.5718649e-001
  9.5599082e-001  8.4326818e-001
  9.8643827e-001  8.6367193e-001
  6.7443768e-001  7.2741027e-001
  8.2248910e-001  8.7113934e-001
  7.1321822e-001  7.3725730e-001
  9.9669035e-001  7.7668030e-001
  8.0861210e-001  7.1541883e-001
  8.4857790e-001  6.9732599e-001
  8.1165199e-001  6.9455923e-001
  8.5163745e-001  6.7260835e-001
  8.8136813e-001  7.9742114e-001
  7.7554655e-001  7.5493960e-001
  8.3675943e-001  8.1850323e-001
  9.3679136e-001  8.2244063e-001
  8.3950202e-001  7.3436158e-001
  8.6021527e-001  8.6589975e-001
  8.8552254e-001  8.6049408e-001
  9.2128233e-001  7.2118647e-001
  9.4658356e-001  9.9877306e-001
  8.8671189e-001  7.0775120e-001
  8.0299260e-002  9.4075228e-001
  4.2084658e-003  8.5655124e-001
  1.5395007e-001  7.3695389e-001
  1.7207292e-001  7.1572022e-001
  2.7330068e-001  7.9662454e-001
  4.0255714e-003  7.2566709e-001
  2.4978671e-001  8.8939782e-001
  8.2610055e-002  9.6613911e-001
  9.2870066e-002  8.1392436e-001
  3.4625964e-002  9.5831993e-001
  2.9751553e-001  6.7230467e-001
  1.7218331e-001  6.8058504e-001
  1.9012260e-002  6.8634021e-001
  1.5783417e-001  7.9467812e-001
  1.6812311e-001  8.1214345e-001
  2.7311529e-001  8.1493933e-001
  3.0508565e-001  8.3036664e-001
  2.4947323e-001  7.8068696e-001
  1.7603218e-001  6.7533229e-001
  7.0195045e-002  8.3987145e-001
  2.9570137e-001  7.4738673e-001
  1.2235673e-002  6.7284707e-001
  6.5884765e-002  7.3687982e-001
  3.0814146e-001  8.5507958e-001
  2.9507736e-001  7.7986289e-001
  7.5009358e-002  8.5633253e-001
  2.6006261e-001  9.7396474e-001
  2.3679321e-001  7.1480842e-001
  3.2644682e-001  9.3918990e-001
  9.4709350e-002  9.1267020e-001
  8.3219313e-002  8.8460622e-001
  2.1660124e-001  9.6107819e-001
  1.7029412e-001  9.9906433e-001
  3.0448856e-002  8.1095977e-001
  2.5854591e-001  9.6293948e-001
  1.2331437e-001  9.8480265e-001
  1.7966031e-001  9.7484784e-001
  1.6186110e-001  8.0178698e-001
  1.0238371e-001  7.6194346e-001
  2.9116021e-001  9.1441315e-001
  2.3476952e-001  8.9664471e-001
  4.1713621e-002  9.1489602e-001
  1.2258829e-001  8.1725279e-001
  1.2414531e-001  7.3354027e-001
  1.8989525e-001  9.9993448e-001
  1.8178762e-001  9.5269188e-001
  5.2372823e-002  9.0679533e-001
  2.5011666e-001  7.3057703e-001
  2.0423341e-001  6.7222098e-001
  2.9569436e-001  7.0965255e-001
  2.1938180e-001  7.5814734e-001
  5.7023396e-002  7.8487091e-001
  1.9819603e-001  7.1290763e-001
  1.0610949e-001  7.8288900e-001
  3.0658816e-001  8.9090401e-001
  1.8883902e-001  9.2281190e-001
  6.4761542e-002  6.6801979e-001
  1.3909197e-002  8.7496508e-001
  3.1741105e-002  9.8520119e-001
  1.2892300e-001  6.9476900e-001
  2.7626241e-001  8.7897824e-001
  1.1710622e-001  7.8798703e-001
  3.6611347e-002  8.0009325e-001
  3.0257312e-001  7.0009259e-001
  2.0140306e-001  7.8992613e-001
  7.6356488e-002  7.8424877e-001
  2.7871323e-001  9.0976627e-001
  3.7513518e-002  7.8392445e-001
  1.4374328e-001  9.2173763e-001
  2.4962217e-001  9.8417212e-001
  3.0914455e-001  8.2309704e-001
  1.0521875e-001  7.9690684e-001
  4.4868873e-002  7.1652095e-001
  3.1277699e-001  8.8011226e-001
  1.5828122e-001  7.5387459e-001
  3.2931393e-001  8.8768963e-001
  1.5380163e-001  7.6280298e-001
  1.1373442e-001  9.7372037e-001
  2.1709532e-001  7.0811418e-001
  1.7410544e-001  9.7323054e-001
  2.8028896e-001  7.2712245e-001
  2.8515307e-002  8.3528632e-001
  2.3748716e-001  8.6330510e-001
  1.0554419e-001  9.2157868e-001
  1.7226836e-001  9.0899478e-001
  1.6487515e-001  8.0418099e-001
  9.6655184e-002  7.4314525e-001
  2.8022377e-001  7.4225033e-001
  1.5429065e-001  9.7365276e-001
  2.1856098e-001  8.4520034e-001
  6.4303853e-002  8.1784628e-001
  2.0754661e-001  8.8240588e-001
  1.2367525e-001  8.6347447e-001
  1.6883546e-001  9.5697856e-001
  6.0884935e-002  9.0839273e-001
  2.8259938e-003  8.7215648e-001
  3.3212103e-001  9.7489560e-001
  2.9509174e-001  9.3217311e-001
  2.7321163e-001  8.0827103e-001
  9.9446559e-002  7.1008093e-001
  3.1943366e-001  8.1911022e-001
  1.9250666e-001  9.4602420e-001
  2.3787393e-001  7.8426119e-001
  1.5374626e-001  9.6957593e-001
  1.1697353e-001  8.4038636e-001
  3.0677163e-001  9.5364957e-001
  9.8198338e-002  8.2325439e-001
  4.2184719e-002  9.4381451e-001
  2.6784735e-001  8.1005195e-001
  1.3712438e-001  7.0989061e-001
  1.5552624e-001  8.6458383e-001
  2.5835520e-001  7.5277986e-001
  5.4176100e-002  9.0714485e-001
  1.8874979e-001  8.5888551e-001
  1.0999639e-001  9.2359773e-001
  2.4620732e-001  9.4686737e-001
  8.5894040e-003  8.0415313e-001
  2.3402090e-002  6.8369003e-001
  1.8784598e-001  7.1377337e-001
  2.0061383e-001  7.3305844e-001
  4.0314755e-002  8.0044990e-001
  2.2432890e-002  9.9331591e-001
  1.9287755e-001  6.7142582e-001
  2.2809460e-001  9.3914076e-001
  2.8967034e-001  7.7747052e-001
  1.9838208e-001  9.5850995e-001
  6.6328024e-002  7.8514552e-001
  1.5505142e-001  7.7063364e-001
  2.8527811e-002  7.7567157e-001
  6.1099527e-002  9.1679248e-001
  2.4992248e-001  7.3443663e-001
  2.5704665e-001  7.9049753e-001
  2.7304630e-001  7.9133122e-001
  1.5094928e-001  7.9280372e-001
  1.8519071e-001  7.6473341e-001
  1.5679699e-001  8.7124238e-001
  3.2849307e-001  8.0992710e-001
  2.9331109e-001  7.7651014e-001
  3.1787893e-001  8.5778190e-001
  1.3263902e-001  7.1565649e-001
  9.2702689e-002  9.1811391e-001
  1.6835630e-001  8.9152139e-001
  6.3446816e-002  6.9922834e-001
  8.1708603e-002  9.4059458e-001
  1.3248892e-001  7.3839415e-001
  2.7531381e-002  7.2080169e-001
  3.2533197e-001  8.2762921e-001
  3.1752059e-001  7.0583041e-001
  2.2193680e-001  9.3867196e-001
  1.3812043e-001  7.0807862e-001
  5.3473082e-002  7.8160194e-001
  2.4696111e-001  7.8405752e-001
  3.7201221e-002  7.0653331e-001
  2.3834646e-001  9.1737219e-001
  3.6806074e-002  9.8467480e-001
  1.4380906e-001  8.7398546e-001
  3.5828745e-002  6.9932623e-001
  2.7027642e-001  9.3193275e-001
  2.8745651e-001  6.8721842e-001
  1.4166470e-001  9.1750134e-001
  3.2554357e-001  7.0172803e-001
  1.1950088e-001  9.1373960e-001
  1.1679066e-001  8.5558388e-001
  2.2418564e-001  9.3983697e-001
  2.3660885e-001  7.7623879e-001
  2.0674158e-001  8.5567393e-001
  2.9574904e-001  9.1296716e-001
  1.9526056e-001  9.5955790e-001
  1.8781041e-001  7.6461574e-001
  4.7133949e-003  9.3409645e-001
  1.2728273e-001  7.6228605e-001
  3.3044593e-001  8.4259532e-001
  1.1765602e-001  8.1702055e-001
  3.1281021e-001  7.3009073e-001
  1.2246923e-001  6.9309561e-001
  1.5098236e-002  8.2845918e-001
  2.8130871e-001  7.5551263e-001
  7.2586720e-002  7.5133738e-001
  5.3084610e-002  7.7691742e-001
  2.6821551e-001  8.5645476e-001
  2.3019608e-001  9.1455650e-001
  7.1260641e-002  9.3866800e-001
  1.0642851e-001  8.2237552e-001
  1.1365245e-001  8.9884230e-001
  3.2625686e-001  7.7487928e-001
  5.6606866e-002  7.2853908e-001
  2.7283434e-001  9.3669620e-001
  4.5566680e-003  7.7530708e-001
  5.8089877e-002  7.9075893e-001
  3.9413048e-003  6.8916320e-001
  9.2320615e-002  8.0329217e-001
  2.3995975e-001  9.1891922e-001
  5.3052455e-002  8.8361599e-001
  1.3701293e-001  9.0703656e-001
  2.4361123e-001  7.4351710e-001
  6.1597591e-002  9.5759726e-001
  3.2604766e-001  9.7852108e-001
  3.2457198e-002  7.4792820e-001
  3.2372828e-001  8.3804489e-001
  5.1376534e-002  8.3953264e-001
  2.6437356e-001  7.1637626e-001
  1.6780883e-001  8.9648789e-001
  3.0770810e-001  8.6108312e-001
  3.2915716e-001  8.3566271e-001
  2.6554439e-001  8.8042818e-001
  4.8291052e-002  9.9757871e-001
  2.5900958e-001  9.7845381e-001
  5.1868945e-002  9.0234814e-001
  1.0769646e-001  8.6816408e-001
  7.8614767e-002  8.6063651e-001
  2.8604601e-001  8.3898073e-001
  9.7091825e-003  8.3788907e-001
  1.6264216e-001  9.1420399e-001
  1.6005649e-001  6.8685528e-001
  1.6364141e-001  8.4103262e-001
  2.8606701e-001  7.2239995e-001
  1.6757572e-001  8.6015799e-001
  1.4394762e-001  8.0576633e-001
  1.0337762e-001  7.9021893e-001
  1.6928935e-001  6.8587611e-001
  3.1416476e-001  8.4236465e-001
  2.9483637e-001  9.1121546e-001
  2.8868313e-002  9.0355698e-001
  1.7266714e-001  9.0765953e-001
  2.9773813e-001  7.9878363e-001
  2.9011689e-001  9.1898773e-001
  3.3266230e-001  7.6061529e-001
  2.2920587e-001  7.9113505e-001
  4.2099088e-002  8.5921432e-001
  1.3761592e-001  6.8629732e-001
  2.6194541e-001  7.1066064e-001
  2.3656615e-002  8.2054234e-001
  1.4967097e-001  9.7408363e-001
  2.3231797e-001  9.2893077e-001
  8.8306601e-002  7.7005110e-001
  2.8710032e-001  9.2649388e-001
  4.3259821e-002  8.7559718e-001
  1.4353163e-001  9.7267929e-001
  3.2599986e-001  7.6308799e-001
  2.5398683e-001  9.9590462e-001
  2.9000330e-002  9.3058291e-001
  1.1865228e-001  9.0287872e-001
  4.2756839e-002  7.4264673e-001
  1.3085921e-001  9.2104323e-001
  3.2503834e-001  8.1321879e-001
  1.1009313e-001  7.6706712e-001
  5.4330235e-002  6.8245434e-001
  2.8955520e-001  8.0551035e-001
  2.7696408e-001  7.8594998e-001
  1.4861466e-001  8.5689702e-001
