  2.5106335e-001  2.6494028e-001  5.8456657e-001
  1.1527052e-001  1.5647953e-001  4.7029199e-001
  2.8729177e-001  2.4583340e-001  6.3913506e-001
  2.2104869e-001  3.9237149e-001  6.5733685e-001
  3.8900177e-001  2.8396742e-001  5.2085475e-001
  6.8561363e-002  1.5158584e-001  6.4911802e-001
  1.0364249e-001  2.9967322e-001  5.9429641e-001
  9.3101466e-002  2.1475255e-001  6.6660764e-001
  2.0596899e-001  3.0047732e-001  6.0752579e-001
  2.9865700e-001  1.2275170e-001  6.4113387e-001
  4.3976875e-001  4.2176506e-002  6.7230227e-001
  2.2394684e-001  1.4927067e-001  7.5656196e-001
  2.0767364e-001  8.7958533e-002  6.7186354e-001
  9.7730129e-002  1.5689729e-001  5.8873812e-001
  2.2199578e-001  1.9368111e-001  7.4338546e-001
  1.6058585e-001  4.5149854e-001  5.7817601e-001
  2.3095262e-001  2.1893284e-001  7.3463520e-001
  2.4050735e-001  1.3340219e-001  3.7807059e-001
  3.4573459e-001  2.3689076e-001  7.5904232e-001
  1.7720088e-001  1.8207957e-001  5.8839924e-001
  1.7603567e-001  2.8588582e-001  4.5041750e-001
  9.0741989e-002  3.5756971e-001  5.2985156e-001
  1.3281625e-001  3.7888488e-001  5.8333878e-001
  1.8909999e-001  1.5032012e-001  6.1163488e-001
  3.0522128e-001  2.9341810e-001  5.2855308e-001
  2.4719657e-001  2.8669558e-001  6.7572584e-001
  4.0289349e-001  2.5016632e-001  5.9234818e-001
  3.0026575e-001  2.5547390e-001  5.3260739e-001
  1.4476858e-001  2.5013407e-002  6.1495024e-001
  2.8026371e-001  9.0699243e-002  4.9758032e-001
  2.8157305e-001  1.5095488e-001  4.3031813e-001
  1.4688380e-001  1.4405967e-002  6.8339974e-001
  1.9112079e-001  2.0435408e-001  4.3565306e-001
  1.6679205e-001  1.4228022e-001  6.1503940e-001
  1.6569808e-001  8.0399494e-002  6.8698907e-001
  2.4140104e-002  1.3511716e-001  6.5801002e-001
  6.5370176e-002  5.9886688e-002  4.9279465e-001
  7.8223191e-002  1.3960563e-001  5.2062105e-001
  1.0107973e-001  1.9070407e-001  5.9832262e-001
  2.4403384e-001  2.6038213e-001  6.0931576e-001
  3.0455613e-001  3.1237832e-001  5.7826201e-001
  8.2570192e-002  2.4739432e-001  7.0766205e-001
  8.7744120e-002  1.8295301e-001  4.2592320e-001
  7.0510055e-002  2.5725886e-001  4.3303345e-001
  3.0733949e-002  2.4826105e-001  6.0617011e-001
  1.2984802e-001  2.8242849e-001  3.9990434e-001
  2.3864597e-001  2.2175375e-001  6.9230584e-001
  2.2787323e-001  1.2196437e-001  6.2691863e-001
  2.6184377e-001  2.0343181e-001  6.6515211e-001
  1.1728614e-001  2.0559881e-001  6.6033778e-001
  4.7979361e-002  4.5815919e-002  4.7144720e-001
  2.3549592e-001  2.2845839e-001  5.9802283e-001
  2.2483329e-001  2.5011160e-001  5.2778849e-001
  2.1261657e-001  2.2745210e-001  6.8417177e-001
  9.3338055e-002  1.1267813e-001  4.5842894e-001
  3.1575450e-002  4.3775475e-001  5.4434814e-001
  3.2845099e-001  5.0260393e-002  8.1651297e-001
  1.2376795e-001  2.2323471e-001  5.5821760e-001
  8.2515602e-002  1.3333798e-001  6.3136049e-001
  2.3663132e-001  1.9870406e-001  4.2256402e-001
  2.3890008e-001 -1.4697427e-002  6.2024946e-001
  1.7039958e-001  3.1822400e-001  4.6423472e-001
  2.0006188e-001  3.7558984e-001  6.2670649e-001
  1.3500778e-001  1.9552121e-001  6.5455846e-001
  2.2611985e-002  2.6777355e-001  6.5101581e-001
  1.7144704e-001  1.8031320e-001  5.3616956e-001
  2.8608617e-001  3.0869403e-001  6.8579996e-001
  1.4506191e-001  2.7859345e-001  5.7251586e-001
  1.1913602e-001  1.2932946e-001  5.5650380e-001
  2.9031141e-001  1.5122065e-001  6.6262232e-001
  1.1111452e-001  3.9629674e-001  7.6315528e-001
  1.0410714e-001  2.8614578e-001  4.9247258e-001
  1.2886108e-001  2.8532405e-001  6.1616270e-001
  2.4881966e-002  1.8940216e-001  5.1891164e-001
  1.6767862e-001  3.4198106e-001  5.8502460e-001
  4.2757484e-001  4.2925662e-001  5.1403535e-001
  1.9924533e-001 -5.4835233e-002  4.1753417e-001
  2.6453240e-001  2.8490306e-001  4.7842514e-001
  2.2133795e-001  1.8785124e-001  6.6031828e-001
  3.9505358e-001  2.2806479e-001  3.5381934e-001
  3.3632935e-001  2.6329456e-001  5.1919435e-001
  1.7247501e-001  2.0639866e-001  5.6364675e-001
  1.6631156e-001  3.3726632e-001  6.0171714e-001
  2.4803137e-001  1.4890359e-001  4.8095998e-001
  1.5464875e-001  6.7494957e-002  6.7386153e-001
  1.5445174e-001  2.1672334e-001  7.1498037e-001
  2.8427344e-001 -3.8296487e-003  5.1982513e-001
  8.0621779e-002  4.0064347e-002  5.7650383e-001
  2.9299619e-001  6.1076807e-002  6.7747343e-001
  1.2644620e-001  1.3545080e-001  6.0353098e-001
  1.0332779e-001  2.9011746e-001  5.5489905e-001
  9.2049012e-002  9.1421501e-002  6.8582206e-001
  7.8391995e-002  1.0720132e-001  5.3787588e-001
  2.4929401e-001  2.9126031e-001  6.0337494e-001
  1.8027668e-001  3.0008073e-001  4.3508092e-001
  2.8526702e-001  9.8058651e-002  4.1640701e-001
  1.9835005e-001  3.0338187e-001  5.2132468e-001
  7.7239305e-002  2.6554568e-001  5.6601298e-001
  1.6988308e-001  2.0706379e-001  6.3275874e-001
  3.3758815e-001  5.1779225e-002  6.9652064e-001
  1.8357136e-001  6.6718817e-002  5.4090430e-001
  1.3969051e-001  6.2706553e-002  5.4414941e-001
  2.6839544e-001  2.8419031e-001  5.8544033e-001
  2.5803292e-001  1.4478293e-001  6.9031378e-001
  3.6610649e-001  2.4743154e-001  5.6284534e-001
  1.7296450e-001  1.3993747e-001  6.5205500e-001
  1.9467277e-001  1.3018766e-001  6.5187935e-001
  1.4667349e-001  1.1432792e-001  5.8538325e-001
  9.1871676e-003  8.7006667e-002  5.9486596e-001
  3.1369592e-001  2.7732878e-001  5.5040306e-001
  3.7466483e-001  1.7111848e-001  4.0293776e-001
  2.6380787e-001  2.9929329e-001  3.9690496e-001
  1.9849093e-001  1.3765029e-001  7.8352510e-001
  1.0241184e-001  2.0934117e-001  6.5561414e-001
  1.4166126e-001  1.9223867e-001  6.4822727e-001
  2.1993605e-001  6.6981035e-002  5.9344469e-001
  1.6001933e-001  1.6245968e-001  5.0721392e-001
  1.4162661e-001  1.1626504e-001  6.9126019e-001
  1.9702507e-001  2.7630299e-001  6.2361705e-001
  3.6739300e-001  2.3456472e-001  4.9207516e-001
  3.1142810e-001  1.1291995e-001  6.9723300e-001
  3.7312500e-001  1.9596296e-001  5.8116097e-001
  2.0877856e-001  2.4187319e-001  6.0759899e-001
  1.9434285e-001  9.7686208e-002  5.7107989e-001
  3.6966114e-001  2.2321449e-001  4.4089193e-001
  2.8127543e-001  1.8711462e-001  6.3911707e-001
  9.7262190e-002  2.0071522e-001  7.2198837e-001
  3.5174772e-001  1.6558887e-001  6.4250278e-001
  1.9614272e-001  1.6290271e-001  7.1911764e-001
  2.2750418e-001  4.2123529e-002  6.4079558e-001
  3.1532471e-001  3.1247369e-001  3.9827936e-001
 -5.2928345e-002  9.4101360e-002  5.6057401e-001
  1.4176623e-001  2.7079407e-001  5.9740181e-001
  8.5990606e-003 -1.2514094e-002  6.7964117e-001
  2.2975827e-001  1.1516061e-001  7.0302203e-001
  1.3495702e-001 -1.7399536e-003  7.0010968e-001
  1.1134816e-001  3.6962957e-001  5.1171417e-001
  1.3396348e-001  2.7222870e-001  6.7758385e-001
  1.2462739e-001  4.2527171e-002  6.2398550e-001
  1.0746161e-001  9.2535192e-002  5.8197321e-001
  3.3761061e-001  1.2861505e-001  6.0337541e-001
  4.1600404e-001  2.9901556e-001  5.4043289e-001
  1.9779359e-001  1.9073939e-001  5.8237337e-001
  2.7300486e-001  2.7506190e-001  5.6125110e-001
  1.8487065e-001  2.4123854e-001  6.4030195e-001
  3.6059201e-001  2.2870316e-001  5.7610864e-001
  3.5207831e-001  2.1413980e-001  6.3694533e-001
  1.0114362e-001  2.2358667e-001  6.8578622e-001
  3.4483390e-001  1.9904976e-001  5.9982291e-001
  2.4183179e-001  2.1101116e-001  4.7911430e-001
  3.0060640e-001  2.8523677e-001  5.7906518e-001
  3.1501008e-001  3.4398632e-001  6.8919757e-001
  2.3021423e-001  2.4442620e-001  5.7202477e-001
  2.4801659e-001  9.5882114e-002  7.3544763e-001
  1.9280898e-001  1.5519269e-001  6.3906688e-001
  2.5095307e-001  2.4836275e-001  5.3240924e-001
  1.2129636e-001  2.4204903e-001  5.8623425e-001
  8.7166983e-002  2.9524143e-001  6.0829974e-001
  1.9131406e-001  1.9045731e-001  6.5730432e-001
  1.4295596e-001  1.9326453e-001  5.3974678e-001
  1.9593289e-001  2.2282885e-001  6.1762568e-001
  2.3729908e-001  3.2401709e-001  7.2566887e-001
  2.6189105e-001  2.9707757e-001  6.2724408e-001
  7.5739604e-002  2.7258455e-001  6.1269177e-001
  2.1213402e-001  1.3796891e-001  5.2085006e-001
  1.7834490e-001  7.2797094e-002  6.3069470e-001
  9.0933779e-002  1.1356671e-001  6.1280464e-001
  2.2472293e-001  1.6607513e-001  5.2363995e-001
  2.7895108e-001  2.2955350e-001  6.4143205e-001
  3.2584957e-001  2.2550933e-001  7.7202956e-001
  3.8619776e-001  1.8511737e-001  5.7276758e-001
  1.8688741e-001  2.6729968e-001  5.4408207e-001
  2.7459302e-001  1.6125690e-001  6.4868914e-001
  2.3662720e-001  9.4309332e-002  6.5188295e-001
  2.8961627e-001  3.7564362e-001  5.2119436e-001
  2.3219810e-001  6.9460368e-002  6.4115139e-001
  2.7497481e-001  4.0469245e-001  4.9038430e-001
  2.8695455e-001  1.6623088e-001  6.4679474e-001
  2.8076056e-001  2.5333030e-001  6.2122196e-001
  3.0544925e-001  1.4697314e-001  5.9521750e-001
  2.5358889e-001  6.2886557e-002  5.0310293e-001
  2.4683577e-001  2.1331727e-001  5.6751803e-001
  2.6247039e-001  2.1739148e-001  6.4313794e-001
  3.0085959e-001  1.7818324e-001  7.5030199e-001
  2.0776813e-001  2.6628352e-001  6.8573984e-001
  1.6158080e-001  2.1289604e-001  5.6681214e-001
  5.1276546e-002  9.1834213e-002  5.6606992e-001
  9.4899893e-002  2.3432099e-001  5.4909716e-001
  2.2207749e-001  1.8611336e-001  6.7595398e-001
  3.5523970e-001  2.4725063e-001  6.1249754e-001
  3.2852237e-001  1.7289625e-001  6.9388191e-001
  2.5948055e-001  2.3757818e-001  7.5399210e-001
  1.4500069e-001  1.5632794e-001  6.4244940e-001
  3.3864670e-001  1.8820251e-001  6.8863621e-001
 -4.1179914e-002  7.4669236e-002  6.1060310e-001
  2.3213353e-001  2.6100506e-001  4.6164907e-001
  2.4887750e-001  3.3317858e-001  5.8504479e-001
  2.0344758e-001  1.6760570e-001  4.9970577e-001
  2.1076999e-001  1.3982406e-001  6.0001286e-001
  2.3966768e-001  1.0012159e-001  6.5353552e-001
  4.3167765e-001  7.5479527e-001  3.8207498e-001
  3.7673529e-001  7.0267148e-001  5.6790173e-001
  2.0087208e-001  7.1026042e-001  3.2124408e-001
  3.0388287e-001  5.6827429e-001  5.6746190e-001
  4.0255555e-001  7.9105216e-001  3.6351149e-001
  6.1982922e-001  7.9768039e-001  3.5618828e-001
  3.1993470e-001  5.7700345e-001  4.6191947e-001
  3.7920789e-001  9.3429868e-001  3.9579627e-001
  3.1471733e-001  8.3163716e-001  4.2112186e-001
  3.3666677e-001  8.7762666e-001  3.7168019e-001
  2.8387572e-001  7.6203556e-001  4.6615102e-001
  5.3587316e-001  8.2732615e-001  6.3453457e-001
  4.2175170e-001  5.8640857e-001  3.0496881e-001
  2.5807257e-001  7.5408518e-001  3.9327706e-001
  4.6413305e-001  6.7743435e-001  5.1841802e-001
  4.3779387e-001  6.6163479e-001  4.3442647e-001
  3.5367182e-001  5.8280189e-001  5.1673720e-001
  3.2995009e-001  6.3513382e-001  4.4669730e-001
  2.8878147e-001  6.0345963e-001  4.2586171e-001
  4.8824701e-001  5.0493949e-001  3.4375025e-001
  4.2761555e-001  7.6572467e-001  4.1040616e-001
  3.7810302e-001  6.9610187e-001  4.7935944e-001
  5.1217966e-001  6.4275226e-001  3.7469238e-001
  1.5451364e-001  8.5520354e-001  5.4600064e-001
  4.7253754e-001  9.2545907e-001  4.5314362e-001
  3.5126556e-001  5.5575802e-001  2.3943507e-001
  4.0107888e-001  8.7754649e-001  4.6377339e-001
  4.1041268e-001  7.0227688e-001  6.5136979e-001
  4.1072170e-001  7.8125333e-001  5.0669279e-001
  3.8544038e-001  7.9652829e-001  5.2021170e-001
  3.1775788e-001  6.8860979e-001  1.7586527e-001
  5.0417432e-001  7.8755133e-001  4.5954167e-001
  3.3088152e-001  8.9678773e-001  5.0940782e-001
  5.0831961e-001  7.7778535e-001  4.7723265e-001
  4.0673142e-001  7.8027714e-001  4.9391027e-001
  5.6294652e-001  6.9381809e-001  2.6801960e-001
  3.2309967e-001  6.9843675e-001  3.7223935e-001
  1.7694207e-001  9.8251982e-001  3.2865001e-001
  2.5546017e-001  7.2483481e-001  3.4359341e-001
  3.1965723e-001  7.4379802e-001  3.2123188e-001
  4.5618464e-001  6.8651225e-001  4.0599768e-001
  3.4549078e-001  8.5487598e-001  3.9924868e-001
  2.1460290e-001  6.2821016e-001  4.3621317e-001
  3.6671987e-001  7.9174259e-001  4.3352268e-001
  2.2177490e-001  8.0149475e-001  3.4333020e-001
  3.5367695e-001  6.2317558e-001  4.6869310e-001
  2.3446603e-001  8.0651085e-001  3.2487217e-001
  4.0096941e-001  7.6424842e-001  5.6452688e-001
  3.2159415e-001  6.8470016e-001  4.4381144e-001
  3.6266639e-001  9.6052634e-001  2.7186886e-001
  3.2399513e-001  6.9651310e-001  4.3177822e-001
  5.2050900e-001  7.0264673e-001  3.4742698e-001
  4.3586436e-001  6.2504427e-001  4.3788113e-001
  5.6008512e-001  5.9469709e-001  4.4966782e-001
  2.1706226e-001  6.6056555e-001  5.8805415e-001
  3.7303436e-001  7.9797367e-001  3.9861845e-001
  4.1187360e-001  7.4494668e-001  4.2857419e-001
  5.2406632e-001  6.4686658e-001  3.3312324e-001
  4.7546863e-001  6.9272080e-001  5.2605572e-001
  2.5245725e-001  8.2654068e-001  3.7538228e-001
  5.1092322e-001  7.9799012e-001  4.2732853e-001
  4.4596827e-001  7.5134316e-001  4.7780751e-001
  4.2728731e-001  7.0155138e-001  4.9277185e-001
  2.7892812e-001  6.6187223e-001  3.0651654e-001
  3.0235069e-001  6.8559904e-001  3.9405294e-001
  3.9809906e-001  5.9809592e-001  4.0002783e-001
  4.3943017e-001  7.5398978e-001  6.0316220e-001
  5.4125028e-001  8.1736523e-001  4.2358283e-001
  4.6887138e-001  6.8642185e-001  3.8995581e-001
  3.9416588e-001  8.1633877e-001  5.0145627e-001
  4.2652492e-001  9.1798587e-001  3.1466188e-001
  3.6888467e-001  8.7018408e-001  2.8584342e-001
  3.3545159e-001  7.5115832e-001  4.5207931e-001
  3.7507969e-001  5.8723017e-001  2.4343746e-001
  3.3796690e-001  7.9890301e-001  3.2320492e-001
  4.9888851e-001  7.0765089e-001  4.5326280e-001
  4.0442086e-001  9.2425701e-001  4.8409609e-001
  5.1569690e-001  8.2866187e-001  3.2928692e-001
  1.7062360e-001  7.5161741e-001  3.8324891e-001
  4.4499559e-001  7.2570095e-001  5.4266839e-001
  3.3913345e-001  9.4120614e-001  4.9558915e-001
  4.2612171e-001  6.4769240e-001  4.7463463e-001
  3.1925507e-001  6.0162816e-001  3.8730510e-001
  3.3335743e-001  6.5312860e-001  5.1698094e-001
  4.2228755e-001  6.5316042e-001  4.7988180e-001
  6.2393714e-001  5.5771423e-001  4.6960241e-001
  3.5013767e-001  8.4323715e-001  2.6083718e-001
  4.5533740e-001  7.3853232e-001  3.8946995e-001
  3.6545878e-001  6.8754761e-001  2.9692120e-001
  3.9018204e-001  6.5196021e-001  3.5561291e-001
  1.9437575e-001  7.0985331e-001  3.5548558e-001
  2.3240407e-001  7.0866219e-001  4.8404055e-001
  4.8032436e-001  5.7181490e-001  4.0689164e-001
  2.8713811e-001  7.0064552e-001  4.8817510e-001
  5.0442628e-001  6.3712663e-001  4.2032464e-001
  4.6446590e-001  9.1995529e-001  4.1223892e-001
  4.9862799e-001  6.3190880e-001  1.5937984e-001
  3.9980233e-001  8.1823796e-001  3.2770522e-001
  5.8384086e-001  9.2741379e-001  6.0654390e-001
  4.2487761e-001  6.2602073e-001  3.9417785e-001
  5.6751584e-001  8.4531233e-001  7.2885737e-001
  3.6735701e-001  7.5682586e-001  7.5131933e-001
  3.0572294e-001  8.5573859e-001  6.0203698e-001
  3.6596279e-001  7.9172152e-001  8.5312935e-001
  4.6583962e-001  5.8462408e-001  7.1103414e-001
  3.4222734e-001  7.6776036e-001  7.8588263e-001
  3.9312283e-001  5.8310240e-001  9.1195187e-001
  3.3356584e-001  9.1849530e-001  9.4844015e-001
  4.3842160e-001  9.0340004e-001  6.1871703e-001
  3.8427169e-001  7.2145457e-001  9.6273361e-001
  3.1986901e-001  8.2090729e-001  8.9839473e-001
  4.0680064e-001  6.9663429e-001  6.7892172e-001
  4.4767997e-001  5.4625637e-001  5.2139173e-001
  3.6628813e-001  6.5432236e-001  8.1622695e-001
  4.2284081e-001  8.5492090e-001  6.6192250e-001
  3.8828497e-001  6.1942750e-001  8.5236799e-001
  4.9572360e-001  7.0032074e-001  6.4609309e-001
  4.3863197e-001  5.6056186e-001  6.9903981e-001
  4.5588757e-001  4.8456806e-001  8.0721741e-001
  4.9681516e-001  5.5306232e-001  7.3363466e-001
  3.8941224e-001  8.2077286e-001  7.9074628e-001
  2.3095330e-001  8.0821147e-001  7.9716183e-001
  2.7489823e-001  8.1487980e-001  8.5257662e-001
  3.1100288e-001  6.4031636e-001  1.0765117e+000
  4.3453774e-001  6.7720696e-001  8.2508014e-001
  4.7926851e-001  9.2966390e-001  8.5589665e-001
  4.2003824e-001  6.4762388e-001  4.8957531e-001
  3.7698762e-001  7.5192741e-001  9.4570154e-001
  3.4621852e-001  7.4698507e-001  6.4406005e-001
  5.8069674e-001  9.4228644e-001  7.8618946e-001
  3.1301798e-001  7.0372730e-001  7.2613940e-001
  4.0231878e-001  7.8768084e-001  7.1077422e-001
  3.8726552e-001  8.1990036e-001  9.2324829e-001
  4.8690113e-001  8.8039179e-001  8.4871324e-001
  3.7822026e-001  7.8562730e-001  8.9116025e-001
  4.4554794e-001  5.6784357e-001  7.3656742e-001
  2.9144845e-001  6.7717899e-001  9.6558553e-001
  2.2856098e-001  7.2631237e-001  6.3674034e-001
  4.6271299e-001  9.4363399e-001  7.5605398e-001
  3.6549028e-001  7.1846103e-001  7.4553320e-001
  4.2431694e-001  7.9212645e-001  7.2145260e-001
  3.6839714e-001  6.2769032e-001  7.1280315e-001
  3.3963725e-001  8.1236014e-001  9.8987427e-001
  5.1230411e-001  8.3788844e-001  8.4552949e-001
  5.0634614e-001  7.0394022e-001  9.0192657e-001
  5.6616785e-001  7.5966301e-001  8.0079458e-001
  4.7463504e-001  8.0128588e-001  8.0777870e-001
  3.8678723e-001  6.4619942e-001  9.5096303e-001
  4.5794793e-001  6.7030379e-001  7.5177106e-001
  3.1637596e-001  6.9073132e-001  7.9024773e-001
  3.8520671e-001  5.5025572e-001  7.5238656e-001
  3.6418084e-001  5.5957609e-001  7.4925850e-001
  2.7088216e-001  8.3584392e-001  7.9155524e-001
  6.2302280e-001  7.8134282e-001  7.5474959e-001
  3.7516101e-001  7.8143744e-001  6.4425269e-001
  3.1250595e-001  6.8226268e-001  9.1367796e-001
  3.8736027e-001  9.6825025e-001  8.2347301e-001
  3.3010782e-001  6.7164601e-001  7.2506540e-001
  4.6098031e-001  8.5872455e-001  9.2922670e-001
  4.4067582e-001  7.4087878e-001  8.3855312e-001
  2.9408443e-001  8.7899291e-001  6.5249590e-001
  3.3408646e-001  6.8421138e-001  7.6317707e-001
  5.2787988e-001  5.2976476e-001  8.2774169e-001
  5.5707220e-001  7.3200999e-001  8.9499531e-001
  4.6848622e-001  8.1473715e-001  7.4229723e-001
  4.0173333e-001  8.0983033e-001  8.3384867e-001
  6.1879664e-001  6.2867719e-001  6.5363889e-001
  3.4032654e-001  7.2051921e-001  7.8214845e-001
  3.4770812e-001  8.9052318e-001  8.4465764e-001
  4.0714724e-001  8.4627492e-001  7.8365152e-001
  5.2118434e-001  5.4271669e-001  7.9413067e-001
  2.8910286e-001  7.5843030e-001  6.5961760e-001
  4.5400530e-001  8.3403884e-001  1.0208468e+000
  3.7041491e-001  6.3531174e-001  9.5971893e-001
  3.3407382e-001  9.7466543e-001  6.9420688e-001
  5.1070548e-001  8.1288916e-001  8.0269804e-001
  3.9990949e-001  6.8627415e-001  7.7877814e-001
  3.1670568e-001  7.1934910e-001  8.4190475e-001
  4.5012954e-001  7.3249775e-001  8.3799389e-001
  4.7795789e-001  7.3290697e-001  8.4852817e-001
  4.3753739e-001  9.2309501e-001  7.2271394e-001
  2.1438434e-001  6.8586603e-001  6.5782225e-001
  2.5947141e-001  7.6654875e-001  8.4299552e-001
  3.5612296e-001  7.9647170e-001  8.3553965e-001
  3.7509409e-001  6.4429222e-001  7.9237039e-001
  3.2405022e-001  7.7205118e-001  9.5494326e-001
  4.8896866e-001  7.0041767e-001  8.7481229e-001
  1.4362912e-001  7.7953507e-001  6.7178433e-001
  4.9672681e-001  7.8577265e-001  9.0999565e-001
  4.1251374e-001  5.9525227e-001  8.8786620e-001
  4.6730522e-001  6.2882421e-001  9.5092665e-001
  3.7327578e-001  9.6834939e-001  7.8193534e-001
  2.8777657e-001  8.1267396e-001  8.4004853e-001
  3.7972046e-001  7.6905387e-001  7.3948954e-001
  3.6458588e-001  6.5274771e-001  9.1842094e-001
  6.0821140e-001  6.9449435e-001  8.3720267e-001
  4.1252031e-001  8.5360425e-001  7.2504720e-001
  4.7446110e-001  7.1086301e-001  7.6768401e-001
  4.2872571e-001  8.1968668e-001  8.2492628e-001
  5.3662393e-001  7.2905718e-001  8.6940183e-001
  7.5564358e-001  5.1547955e-001  1.4387769e-001
  8.9226627e-001  5.7894479e-001  2.5281101e-001
  6.9474186e-001  3.3687759e-001  1.8170519e-001
  7.2594664e-001  6.3884058e-001  2.8860412e-001
  9.3557313e-001  5.5500363e-001  2.7587333e-001
  6.5795002e-001  4.3017482e-001  2.6609503e-001
  6.5489696e-001  6.9054385e-001  2.2311125e-001
  7.0298397e-001  4.8338559e-001  1.6436456e-001
  6.6370482e-001  4.6522477e-001  8.5910519e-002
  8.7001652e-001  5.1321543e-001  1.2820272e-001
  8.4142920e-001  3.8912853e-001  7.8711049e-002
  8.2886665e-001  5.1400005e-001  3.2536160e-001
  8.3577796e-001  6.4542540e-001  1.0164382e-001
  8.5911848e-001  4.2172582e-001  1.8647299e-001
  6.3638736e-001  3.4527572e-001  3.3850256e-001
  7.5232553e-001  3.4403842e-001  2.7434025e-001
  9.3320402e-001  4.5678160e-001  7.2269357e-002
  8.0965225e-001  5.2025404e-001  6.0863926e-002
  7.7988735e-001  3.4538192e-001  8.2665898e-002
  8.8303606e-001  5.9787496e-001  2.1058342e-001
  7.2324828e-001  3.0761890e-001  2.0121270e-001
  9.7064412e-001  6.7688384e-001  1.0584376e-001
  9.3709833e-001  4.9811202e-001  1.0085619e-001
  7.9122276e-001  1.8967178e-001  2.9213639e-001
  9.5411982e-001  5.0040258e-001  1.4874264e-001
  8.6068849e-001  4.9747209e-001  1.5576035e-001
  7.7089055e-001  5.3277504e-001  2.6641684e-001
  8.6400113e-001  3.3450941e-001  1.9728155e-001
  7.0827003e-001  5.3298536e-001  2.3848150e-002
  8.4899321e-001  3.6943312e-001  9.9064358e-002
  9.7731913e-001  6.3202564e-001  3.4756887e-001
  7.8111056e-001  5.3553895e-001  1.9804612e-001
  7.7341616e-001  5.0512585e-001  3.2059066e-001
  7.5511487e-001  5.0814031e-001  2.6572386e-001
  8.6863835e-001  3.4531001e-001 -2.0398902e-002
  6.4495529e-001  3.6283847e-001  1.2707123e-001
  8.1105550e-001  6.0774799e-001  2.6945417e-001
  7.7686268e-001  5.0674445e-001  9.7849339e-002
  8.3165922e-001  5.7936568e-001  2.9992775e-001
  8.1011772e-001  3.4638512e-001  3.0682021e-001
  6.8381879e-001  4.9360760e-001  2.5227565e-001
  6.7886764e-001  4.8459561e-001  1.1279258e-001
  7.4916675e-001  3.6932562e-001  3.9222807e-001
  8.3390744e-001  4.1175866e-001  1.4478346e-001
  8.6495786e-001  5.1770353e-001  2.7271774e-001
  8.5382177e-001  5.6864542e-001  6.1669978e-002
  8.7443258e-001  3.0001680e-001 -3.2399700e-002
  9.0636968e-001  5.8108039e-001  3.3067950e-001
  9.9919751e-001  4.6395983e-001  2.5739305e-001
  7.3143038e-001  4.5126612e-001  2.3487380e-001
  8.9118036e-001  5.2912256e-001  3.9117137e-001
  9.5150473e-001  4.6380759e-001  1.8214795e-001
  8.7234579e-001  5.3349928e-001  2.1103229e-002
  8.4594182e-001  4.6483617e-001  2.0118214e-001
  8.1454034e-001  4.7020282e-001  1.9966579e-001
  9.3318130e-001  5.0971427e-001  1.1447953e-001
  8.8679154e-001  5.0923615e-001  2.4098997e-001
  6.2176742e-001  5.2167458e-001  2.4505608e-001
  8.0277549e-001  4.4385951e-001 -1.5602706e-002
  8.0946453e-001  4.3425154e-001  2.9955325e-001
  7.4546828e-001  5.4819675e-001  2.2296740e-001
  8.8639118e-001  5.1153299e-001  2.0605402e-001
  8.1877258e-001  5.6656925e-001  1.6773284e-001
  7.0192490e-001  5.7881821e-001  3.1627214e-001
  7.1080577e-001  4.1460836e-001  2.2717723e-001
  7.9812385e-001  3.6832208e-001  2.5130506e-001
  7.0355691e-001  6.7155195e-001  8.2591260e-002
  7.9803328e-001  4.7538132e-001  2.3020769e-001
  7.4949192e-001  2.9444739e-001  8.8997235e-003
  8.1723296e-001  5.2883635e-001  2.7913057e-001
  7.4115455e-001  5.1454652e-001  3.8467266e-001
  8.1155272e-001  3.7763436e-001  3.1083065e-001
  6.9083302e-001  3.2516949e-001  4.4442709e-001
  9.4805003e-001  5.0957401e-001  2.1071559e-001
  8.7625117e-001  4.0187701e-001  3.5849485e-001
  9.6431304e-001  6.4148002e-001  1.7682964e-001
  8.5847582e-001  4.6163173e-001  2.6796204e-001
  8.3076149e-001  5.0516967e-001  2.5703319e-001
  7.6545169e-001  5.7801077e-001  1.3797325e-001
  7.7376585e-001  4.4452622e-001  2.3584825e-001
  8.8013155e-001  4.5608437e-001  1.8515010e-001
  7.9186071e-001  5.4056676e-001  2.5650946e-001
  8.4586055e-001  2.8116216e-001  3.0085448e-001
  7.9364061e-001  5.0758786e-001  1.9269705e-001
  9.5763377e-001  5.0017576e-001  1.2936853e-001
  7.9550029e-001  6.1569218e-001  2.1014547e-001
  7.0683044e-001  4.5073490e-001  3.1142701e-001
  5.8455262e-001  4.8608080e-001  1.7791106e-001
  8.7490692e-001  4.6400161e-001  1.4567540e-001
  7.7285697e-001  2.8022990e-001  2.6344600e-001
  8.6136638e-001  5.2200223e-001  1.0551940e-001
  5.8818021e-001  4.3969872e-001  1.7838563e-001
  5.1818031e-001  5.8420899e-001  4.1089695e-002
  8.4960313e-001  3.3765294e-001  1.9174195e-001
  6.7518829e-001  5.0182396e-001  1.6416268e-001
  8.4427065e-001  5.4361173e-001  1.6101830e-001
  6.2451026e-001  3.7876743e-001  1.4770775e-001
  7.6361064e-001  4.5832295e-001  4.2475386e-001
  8.4546722e-001  6.3204279e-001  1.7836343e-001
  6.6845426e-001  6.0008022e-001  3.0196224e-001
  1.0399889e+000  3.9998106e-001  5.6154227e-001
  7.1920532e-001  4.8391783e-001  5.8104073e-001
  1.0354161e+000  4.5940851e-001  5.3164333e-001
  4.7255682e-001  5.9802140e-001  6.7344773e-001
  9.8867685e-001  5.7056883e-001  6.6204517e-001
  8.2888540e-001  5.6068268e-001  7.3621005e-001
  7.9734555e-001  5.8384737e-001  6.3844720e-001
  9.1810874e-001  6.4243500e-001  5.8882765e-001
  9.3891607e-001  6.3504223e-001  5.2658072e-001
  7.5109292e-001  5.8713663e-001  5.6458334e-001
  7.0557147e-001  6.8123656e-001  7.2466105e-001
  7.1567253e-001  4.6777980e-001  7.4194585e-001
  8.1829187e-001  5.2821260e-001  6.5923524e-001
  6.8922764e-001  6.3865439e-001  6.3206318e-001
  7.3394838e-001  4.2543889e-001  6.7321807e-001
  8.8140118e-001  4.4341268e-001  6.3963718e-001
  6.7474213e-001  4.3328314e-001  5.0167775e-001
  7.1240443e-001  4.3992249e-001  6.0183249e-001
  6.3622917e-001  4.9724451e-001  6.2365054e-001
  7.6730900e-001  3.7706277e-001  6.9994140e-001
  7.7930201e-001  3.8926913e-001  5.3435574e-001
  8.2832638e-001  6.6011934e-001  5.8887679e-001
  7.7279342e-001  5.2806463e-001  7.0538773e-001
  8.9485157e-001  5.1592855e-001  6.2335270e-001
  8.9423516e-001  6.4792704e-001  5.1126502e-001
  6.9646412e-001  4.5337131e-001  4.7992228e-001
  8.3447019e-001  3.0938128e-001  5.8811228e-001
  6.4526027e-001  3.0495376e-001  6.4128512e-001
  7.8591542e-001  3.9811205e-001  7.1439531e-001
  7.8971204e-001  6.8596447e-001  4.3538356e-001
  7.7662306e-001  4.5643084e-001  6.1273458e-001
  8.2853127e-001  6.0866093e-001  5.6778985e-001
  7.7024902e-001  3.8758122e-001  6.5318141e-001
  8.7842097e-001  5.6618925e-001  4.2626667e-001
  7.9474491e-001  4.4121843e-001  6.3903702e-001
  7.1971996e-001  4.6192287e-001  5.6712515e-001
  7.8828230e-001  3.3135463e-001  6.4831002e-001
  8.2417443e-001  5.1635388e-001  4.1753932e-001
  8.7724027e-001  4.8782721e-001  5.7244643e-001
  7.4468020e-001  5.8647615e-001  6.8341705e-001
  6.5316089e-001  5.9782932e-001  5.1373825e-001
  9.3881094e-001  3.2346759e-001  5.8802312e-001
  6.3137180e-001  6.8050026e-001  8.1186827e-001
  8.8412121e-001  4.6766449e-001  5.6006190e-001
  6.9700597e-001  5.1226165e-001  5.7510426e-001
  8.5673215e-001  4.8859670e-001  5.4397637e-001
  6.4750183e-001  5.0433729e-001  5.8949845e-001
  8.0146487e-001  4.4565735e-001  5.4015492e-001
  6.8390168e-001  5.2023365e-001  8.8881957e-001
  7.6728830e-001  6.3766848e-001  5.5590478e-001
  8.0710573e-001  5.2816202e-001  5.2358118e-001
  7.8610351e-001  4.7121363e-001  5.7483454e-001
  7.4362759e-001  4.8978259e-001  6.5246422e-001
  9.0895105e-001  6.6306883e-001  5.3268333e-001
  8.0972004e-001  4.6277269e-001  6.9498288e-001
  8.2053869e-001  5.0152347e-001  7.3002418e-001
  8.4780010e-001  6.1482585e-001  4.7755952e-001
  6.1626249e-001  5.6402079e-001  5.7712825e-001
  8.2186280e-001  6.5199579e-001  5.7939867e-001
  8.0597927e-001  3.3117286e-001  6.7631891e-001
  8.9625826e-001  5.5265268e-001  6.3428457e-001
  8.4526099e-001  5.8825369e-001  7.5930179e-001
  6.7492920e-001  4.9033335e-001  7.1721945e-001
  7.8719092e-001  4.4374251e-001  4.8629334e-001
  7.5794418e-001  3.7721591e-001  6.3119608e-001
  8.5798374e-001  4.9021388e-001  4.6809622e-001
  7.6324726e-001  5.5406733e-001  5.3306170e-001
  7.9078545e-001  5.7822848e-001  5.2993180e-001
  7.3106418e-001  5.7348991e-001  4.4595983e-001
  8.0611495e-001  3.7164662e-001  6.2284775e-001
  8.1938831e-001  5.6531902e-001  5.3910858e-001
  8.6712769e-001  4.9254313e-001  6.9232646e-001
  7.9516643e-001  5.4558546e-001  7.8512111e-001
  7.4711943e-001  4.7846540e-001  5.4667448e-001
  8.8899348e-001  3.7138152e-001  5.4613170e-001
  9.7814670e-001  5.3934734e-001  7.6965342e-001
  8.3605552e-001  7.3373527e-001  5.8233099e-001
  7.8981690e-001  4.8874550e-001  6.8083389e-001
  9.3360850e-001  7.1187357e-001  6.0809498e-001
  7.2784688e-001  3.6747401e-001  5.9939921e-001
  7.1595607e-001  5.7100063e-001  7.9489207e-001
  7.7355371e-001  4.8770066e-001  6.2286811e-001
  5.9048080e-001  5.8945950e-001  6.1350365e-001
  8.3830816e-001  5.3788335e-001  5.2744019e-001
  8.2555359e-001  4.1341518e-001  6.6177795e-001
  6.5488608e-001  4.5530035e-001  6.3144927e-001
  7.6205409e-001  4.4872866e-001  7.1240737e-001
  8.8053255e-001  3.9550588e-001  7.1291005e-001
  7.6674400e-001  6.0899920e-001  5.5661119e-001
  8.7032760e-001  3.4295166e-001  6.8256694e-001
  7.2975842e-001  5.1158852e-001  6.8830051e-001
  8.3034949e-001  4.6115021e-001  6.1463594e-001
  8.0781001e-001  4.7904086e-001  7.1846319e-001
  7.8012489e-001  3.0195159e-001  5.6736955e-001
  8.3442618e-001  5.3947592e-001  4.6909138e-001
  7.9541435e-001  5.2697247e-001  6.2292458e-001
  6.5541953e-001  4.2334467e-001  6.6975098e-001
  8.3265351e-001  5.2281402e-001  4.8312581e-001
  8.1441636e-001  4.4740030e-001  7.4053392e-001
  7.9769833e-001  5.4866016e-001  7.4167844e-001
