  2.0927164e-001  5.8891972e-002
  4.5509169e-001  7.8583622e-001
  8.1073725e-002  1.3198193e-001
  8.5112240e-001  7.0969846e-002
  3.1929630e-001  4.4901292e-001
  3.7489926e-001  9.2225088e-001
  3.7217624e-001  7.8679232e-001
  1.9983800e-001  3.1015331e-001
  5.6670978e-001  7.7948164e-001
  1.2192475e-001  1.2977946e-001
  8.2338720e-001  2.8926397e-001
  5.9791326e-001  9.8771387e-001
  9.4915039e-001  8.7000989e-002
  6.5314507e-002  1.2827052e-001
  2.3429973e-001  2.2794020e-001
  2.1198796e-001  3.3027938e-001
  4.9840980e-001  3.0120135e-001
  7.6655153e-001  4.1653105e-001
  6.6612374e-001  8.3089224e-001
  6.2113871e-001  3.2856206e-001
  5.6022204e-001  6.4785333e-001
  2.4403153e-001  1.8971792e-001
  8.2200759e-001  3.5517455e-001
  6.5964480e-001  2.7236020e-001
  6.0211691e-001  9.7849457e-001
  6.0493711e-001  6.5937109e-001
  6.5950155e-001  8.1533829e-001
  6.8588997e-001  4.5156867e-001
  3.1040223e-001  3.3104188e-001
  3.0729608e-001  6.7955478e-001
  6.7871988e-001  4.3693480e-001
  7.0320334e-001  5.8254650e-001
  5.8248388e-001  8.2324707e-001
  5.0920600e-001  2.5442980e-001
  3.7960413e-001  6.3212031e-001
  6.3819322e-001  3.3770313e-001
  5.0287580e-001  9.4909827e-001
  8.1212591e-001  3.3280112e-001
  6.5163982e-001  5.8631074e-001
  2.7215744e-001  5.1203006e-001
  8.1163704e-002  6.8255790e-002
  8.5056678e-001  2.9546562e-001
  4.6615498e-001  3.0285065e-001
  8.6204490e-001  1.7318193e-001
  6.5661854e-001  7.6529012e-001
  1.8131633e-001  2.8189919e-002
  4.2219483e-001  8.2036290e-001
  6.6042740e-001  7.4956394e-001
  1.9186575e-001  1.1135788e-001
  5.1952869e-001  3.9285952e-001
  7.1568905e-001  2.0039014e-001
  1.3718931e-001  2.1796501e-001
  5.2162234e-001  8.4071248e-001
  3.3508338e-001  5.0992377e-001
  4.7115591e-001  8.7166408e-001
  1.4931034e-001  2.7497976e-001
  7.2578931e-001  3.8145816e-001
  3.5841852e-001  5.4791004e-001
  8.6863524e-001  5.0515758e-002
  6.2641267e-001  3.5188246e-001
  2.4117231e-001  5.8434680e-001
  6.4050078e-001  3.4910628e-001
  6.6582341e-001  8.1661531e-001
  2.6219945e-001  4.8218151e-001
  8.5293050e-001  1.4079727e-001
  1.8033067e-001  1.4411756e-001
  8.6602060e-001  3.3044237e-001
  5.6948060e-001  6.8959782e-001
  5.9436442e-001  8.5847299e-001
  3.3110008e-001  8.2198834e-001
  6.5861265e-001  4.7738749e-001
  5.6762331e-001  2.4337809e-001
  3.7981775e-001  7.7744265e-001
  6.0810566e-001  2.2175105e-001
  7.9022400e-001  2.3384207e-001
  2.1322938e-001  2.6143033e-001
  3.1105856e-001  6.7856110e-001
  8.9664815e-001  4.4339265e-002
  7.3399632e-001  4.1505362e-001
  3.9979385e-001  3.3664272e-001
  5.0552221e-001  2.2356831e-001
  5.2474549e-001  7.7887358e-001
  6.4120266e-001  2.9278967e-001
  6.9778483e-001  4.5655210e-001
  4.6188778e-001  7.1258360e-001
  8.2071701e-001  4.1575875e-001
  1.9302002e-001  1.9038808e-001
  4.4535473e-001  8.3117719e-001
  3.0874180e-001  6.1782507e-001
  8.7535098e-001  1.1614269e-001
  3.3309507e-001  4.3632643e-001
  6.1590866e-001  3.3614759e-001
  6.6189901e-001  2.1087927e-001
  6.8514000e-001  2.6833934e-001
  5.1520790e-001  7.3817319e-001
  6.0586579e-001  8.4884008e-001
  3.1775068e-001  5.5467590e-001
  5.8769677e-001  5.9613626e-001
  5.6157937e-001  9.7305161e-001
  4.5456094e-001  7.8054168e-001
  9.0494922e-001  2.2341563e-001
  2.8215885e-001  6.9589931e-001
  6.5232469e-001  3.7435269e-001
  7.8714313e-001  2.4834186e-001
  6.1856262e-001  6.9092808e-001
  7.6170319e-001  5.0850137e-001
  9.0703504e-001  1.9044207e-001
  7.5856860e-001  4.1639984e-001
  3.8072994e-001  9.3056573e-001
  3.3111079e-001  4.9064043e-001
  5.6456859e-001  9.9196638e-001
  8.0221322e-001  4.0521850e-001
  4.7101215e-001  2.4875176e-001
  2.0275890e-001  3.5541018e-001
  6.6650026e-001  2.1735721e-001
  6.7676529e-001  3.9753588e-001
  7.3740432e-001  4.0119533e-001
  6.2908555e-001  4.5055744e-001
  5.2435711e-001  6.8953129e-001
  2.1878112e-001  4.8550832e-001
  2.2478673e-001  3.0216806e-001
  5.8873933e-001  3.1545156e-001
  5.4211787e-001  6.5206230e-001
  6.5352398e-001  3.8494073e-001
  3.1343498e-001  3.3568833e-001
  6.7243639e-001  4.6214137e-001
  5.6296257e-001  2.3798253e-001
  1.1888856e-001  7.9534599e-002
  5.5681466e-001  9.8748213e-001
  9.5222323e-001  9.4853443e-002
  9.2219639e-001  1.5188315e-001
  7.6754963e-001  5.4950420e-001
  8.1330552e-001  3.6765023e-001
  1.9899726e-001  4.0262274e-001
  6.7427164e-001  5.3051340e-001
  9.2710309e-001  9.5931116e-003
  5.9449294e-001  3.7854391e-001
  6.9275735e-001  5.6383221e-001
  4.3965368e-001  2.9984675e-001
  7.0102291e-001  3.4792286e-001
  6.0971499e-001  7.9402245e-001
  9.7446728e-002  8.1981653e-002
  3.9744797e-001  5.1327879e-001
  3.3331265e-001  3.6669113e-001
  8.3855545e-001  3.3123982e-001
  5.7441797e-001  9.4356074e-001
  7.4390195e-001  5.8899673e-001
  6.3757064e-001  4.2301618e-001
  1.4432045e-001  1.7315107e-001
  2.6881711e-001  5.0904303e-001
  5.3645104e-001  9.5569357e-001
  1.6327830e-001  4.0466214e-001
  2.1681209e-001  4.0704198e-001
  7.2067988e-001  4.6219147e-001
  9.5440651e-001  9.3663890e-002
  1.3113839e-001  3.1646956e-001
  1.6615342e-001  2.5619678e-001
  7.1290102e-001  6.0595084e-001
  5.8159434e-001  6.2766101e-001
  8.8015418e-001  1.9718793e-001
  9.5620461e-001  9.2446398e-002
  1.9622883e-001  1.4675569e-001
  7.7619251e-001  4.5355626e-001
  6.1329572e-001  7.5700074e-001
  2.8862882e-001  3.0299757e-001
  3.9314599e-001  5.4902678e-001
  7.8878300e-001  2.7364916e-001
  8.7794147e-001  3.2888237e-002
  3.1339737e-001  7.2481162e-001
  3.5762512e-001  8.1521868e-001
  6.2260116e-001  9.2299341e-001
  3.1002979e-001  3.6570761e-001
  1.3478769e-001  2.0033116e-002
  1.3514349e-001  1.1375947e-001
  9.2751615e-001  1.6875820e-002
  3.9110087e-001  2.5252029e-001
  5.1126277e-001  3.8238287e-001
  9.2896116e-002  1.7454955e-001
  8.4451594e-001  3.4803858e-001
  1.8698953e-001  1.3354050e-001
  7.1202984e-001  6.0587152e-001
  8.7136462e-001  1.3005042e-001
  1.8626102e-001  2.4667688e-001
  3.6969072e-001  2.5379555e-001
  5.9377052e-001  3.1847850e-001
  3.1668942e-001  6.4960633e-001
  2.3339549e-001  2.9263237e-001
  3.9690379e-001  8.9838895e-001
  6.4986813e-001  3.0247956e-001
  7.8196184e-001  1.9234921e-001
  1.9573076e-001  1.2611791e-001
  6.6830641e-001  2.1738313e-001
  6.7098263e-001  6.5918565e-001
  4.8692500e-001  7.7206234e-001
  6.4157117e-001  7.8906280e-001
  3.0634936e-001  3.5921484e-001
  6.6093213e-001  2.2122785e-001
  3.5801711e-001  8.0598908e-001
  4.8766697e-001  7.8096758e-001
  6.7383412e-001  8.1237286e-001
  2.2157935e-001  4.1407500e-001
  6.8246611e-002  8.3057578e-002
  2.0765659e-001  1.3806324e-001
  6.3822138e-001  6.3569329e-001
  9.3896498e-002  2.0199459e-001
  8.1689232e-001  1.6237212e-001
  8.7051707e-001  1.2858780e-001
  8.4800945e-001  1.8239140e-001
  7.2860019e-001  5.2000676e-001
  6.5635111e-001  7.4128194e-001
  3.4496601e-001  4.6733012e-001
  8.8402195e-001  1.3629214e-001
  7.1841459e-001  4.9833473e-001
  8.6915243e-001  3.1170101e-001
  3.9161722e-001  7.7613370e-001
  3.5438193e-001  3.4138599e-001
  6.5083202e-001  3.3592768e-001
  8.3279912e-001  2.6077126e-001
  4.6997787e-001  7.7138605e-001
  6.2986561e-001  8.9835717e-001
  5.4218740e-001  2.8733256e-001
  4.5572596e-001  2.3306748e-001
  7.8692439e-001  5.0799617e-001
  3.2788296e-001  6.4119946e-001
  8.9946879e-001  1.7257628e-001
  3.1373049e-001  3.6968907e-001
  2.5167601e-001  3.5572326e-001
  4.3298913e-001  3.8301737e-001
  1.8448899e-001  3.0588344e-001
  3.2558444e-001  6.8956352e-001
  8.8376633e-001  2.8468653e-001
  4.5740626e-001  6.6317475e-001
  1.3407712e-001  1.0844737e-001
  3.7514466e-001  8.7834592e-001
  4.8402240e-001  7.3585237e-001
  3.4206109e-001  4.8225571e-001
  5.8488692e-001  6.0506244e-001
  5.2370359e-001  6.9763306e-001
  4.8639815e-001  3.0819445e-001
  8.4319408e-001  6.8797473e-002
  6.0975414e-001  8.8287989e-001
  6.1189852e-001  7.0042805e-001
  1.5831592e-001  3.0292933e-001
  2.6867729e-001  3.2942507e-001
  7.8425416e-001  5.2285534e-001
  5.8550183e-001  8.1178695e-001
  9.3322986e-001  2.9013120e-003
  2.0417139e-001  3.0218326e-001
  5.4634874e-001  9.3418886e-001
  6.3699565e-001  3.9381426e-001
  4.4294833e-001  7.4821149e-001
  6.6381959e-002  8.9664242e-002
  3.7429258e-001  4.9104486e-001
  6.4167443e-001  2.6060528e-001
  9.5957798e-002  1.2206635e-001
  6.4692602e-002  7.4918345e-002
  8.3637560e-001  2.4817457e-001
  1.4532199e-001  3.1303335e-001
  1.2049467e-001  1.3945439e-001
  4.8289882e-002  1.4629929e-002
  3.8015200e-001  7.7001421e-001
  4.1279122e-001  2.7342341e-001
  4.0139130e-001  2.3392297e-001
  4.2099713e-001  5.5652580e-001
  3.7695369e-001  8.2885757e-001
  9.0733653e-001  4.5233676e-002
  6.7016214e-001  5.3115122e-001
  4.5423651e-001  2.0836742e-001
  3.8560696e-002  8.8315138e-002
  5.6243201e-001  3.2133994e-001
  3.8291447e-001  7.4870268e-001
  2.5278980e-001  5.6066492e-001
  4.7980839e-001  2.9009008e-001
  3.7714897e-001  8.0264315e-001
  1.8343205e-001  8.8734713e-003
  9.1745704e-001  1.2315174e-001
  5.1591606e-001  3.1290053e-001
  9.0307262e-002  1.7399115e-001
  6.0312312e-001  3.6054646e-001
  9.5686666e-001  7.3672433e-003
  3.9743193e-001  5.7919655e-001
  6.8463883e-001  2.0154647e-001
  5.9330284e-001  6.0811598e-001
  2.6027241e-001  3.7699875e-001
  5.1467762e-001  7.9532063e-001
  4.0095911e-001  7.5919199e-001
  3.7093934e-001  4.7897650e-001
  4.7757561e-001  2.7164275e-001
  4.8383121e-001  3.3381246e-001
  9.4559716e-001  2.2288234e-002
  3.6774413e-001  4.7240755e-001
  3.2848557e-001  7.8511614e-001
  6.9079916e-001  2.9060874e-001
  8.8149866e-001  2.5885821e-001
  7.0001996e-001  7.1947838e-001
  9.7451480e-001  5.2857551e-002
  4.0215268e-001  3.3495160e-001
  7.2473389e-001  6.2289764e-001
  1.7070131e-001  2.5297061e-001
  4.7915922e-001  3.7772604e-001
  9.3936285e-002  2.2830386e-001
  6.5004983e-001  2.6994217e-001
  5.3688065e-001  9.6292410e-001
  4.9387008e-001  2.7945138e-001
  7.5384600e-001  4.6253271e-001
  7.2091503e-001  4.5925309e-001
  7.6491151e-001  3.2234675e-001
  6.5794492e-001  7.2785603e-001
  8.1040852e-001  2.5203491e-001
  3.7069960e-001  2.3720326e-001
  7.0674712e-001  2.3532675e-001
  1.6836629e-001  1.5332202e-001
  7.2228568e-001  4.8891206e-001
  7.3082814e-001  5.2989766e-001
  6.5414930e-001  3.5438465e-001
  6.4181666e-001  8.7878906e-001
  1.7847862e-001  3.4498105e-001
  5.8758710e-001  9.8765237e-001
  1.8644524e-001  4.5131272e-002
  3.1003746e-001  5.8284606e-001
  5.5511549e-001  2.6207103e-001
  6.9155990e-001  5.3521867e-001
  2.4166086e-001  2.3913552e-001
  4.6375881e-001  3.4412104e-001
  2.4172191e-001  5.6657324e-001
  4.7675299e-001  3.8123714e-001
  4.6877328e-001  8.1521119e-001
  7.0592893e-001  3.4715905e-001
  7.1720259e-001  2.3769883e-001
  8.6519670e-001  3.0409868e-002
  4.1098966e-001  5.3822354e-001
  4.2478717e-001  8.6380488e-001
  3.0010272e-001  3.9496969e-001
  4.4074843e-001  8.2479172e-001
  6.9187848e-001  5.8448154e-001
  1.9578714e-001  2.8285614e-001
  3.6619871e-001  2.0549814e-001
  1.3943238e-001  2.1494550e-001
  2.6757302e-002  5.9267696e-002
  5.8266454e-001  5.6433181e-001
  6.8543027e-001  5.2377315e-001
  5.5034440e-001  7.3744210e-001
  6.1035042e-001  9.0614845e-001
  4.8262228e-002  1.4951598e-002
  4.6232141e-001  8.9228620e-001
  4.6043917e-001  7.3614737e-001
  7.9995057e-001  4.8046782e-001
  7.2036969e-001  6.4142975e-001
  2.0332258e-001  2.9801224e-001
  8.1931658e-001  2.2388911e-001
  1.9015332e-001  2.7452551e-001
  5.9948078e-001  7.4460043e-001
  8.8413233e-001  1.9467984e-001
  6.1556805e-001  2.5390245e-001
  1.6903040e-001  2.5282768e-002
  6.1137687e-001  8.4229009e-001
  8.4729946e-001  3.3351008e-001
  6.4921982e-001  2.1387126e-001
  1.1481505e-001  1.9707174e-001
  4.7341222e-001  7.5671967e-001
  6.8318105e-001  3.3115112e-001
  4.6407820e-001  2.9879609e-001
  7.1250008e-002  1.3295245e-002
  5.8121844e-001  8.6840513e-001
  5.6597889e-001  9.9354615e-001
  2.5526221e-001  3.9511302e-001
  2.3849414e-001  3.1685950e-001
  1.5953779e-002  1.7552439e-002
  5.7516005e-001  8.6841756e-001
  1.9570817e-001  6.2406532e-002
  5.1217433e-001  7.5399028e-001
  7.1334569e-001  6.2966035e-001
  7.4180541e-001  1.7591486e-001
  8.6674820e-001  3.2232111e-001
  6.3678745e-001  2.9684948e-001
  9.4405571e-001  7.5325926e-002
  2.8567164e-001  6.7614081e-001
  6.7725380e-001  4.7337675e-001
  5.8617832e-001  7.0601977e-001
  8.7921185e-001  1.7920912e-001
  7.6229473e-001  3.3448676e-001
  1.7113911e-001  3.4705792e-001
  1.3596515e-001  3.6716820e-002
  4.6325242e-001  8.8889443e-001
  2.4682326e-001  4.8079503e-001
  2.7811548e-001  5.8049648e-001
  9.0164663e-001  4.2783984e-002
  1.8506508e-001  6.6726377e-002
  7.3791019e-001  2.9723939e-001
  8.6236466e-001  2.5704443e-001
  8.1936366e-001  1.7016104e-002
  6.0412353e-001  7.5146741e-001
  6.0131758e-001  5.4177991e-001
  3.6180601e-001  6.0669053e-001
  2.3140380e-001  5.6611208e-001
  6.4310149e-001  6.3897298e-001
  7.6659484e-001  4.8241890e-001
  1.6511260e-001  1.1244481e-001
  2.5177620e-001  2.3366657e-001
  3.9652384e-001  2.4643630e-001
  4.8068782e-001  8.2657755e-001
  5.0929074e-001  2.6952330e-001
  6.2479654e-001  6.9200517e-001
  3.5922196e-001  6.7295102e-001
  2.7599113e-001  3.6127525e-001
  6.7811674e-001  4.9885575e-001
  2.7685971e-001  6.0384857e-001
  5.7884080e-001  9.9435320e-001
  8.2283546e-001  3.7594318e-001
  4.2322912e-001  8.0940415e-001
  6.1411812e-001  3.7209523e-001
  6.8963693e-001  6.6737516e-001
  5.5819653e-001  2.8171257e-001
  6.3675759e-001  8.0736011e-001
  7.6908112e-001  4.2213768e-001
  8.1728067e-001  1.8524096e-001
  3.6448714e-001  3.0408391e-001
  6.4330970e-001  5.5669556e-001
  4.6648183e-001  8.8475741e-001
  7.8879187e-001  4.7748815e-002
  6.3444276e-001  2.7309431e-001
  6.5978285e-001  3.8284785e-001
  3.2670948e-001  2.7553377e-001
  7.3874777e-001  1.7814207e-001
  3.1916564e-001  2.7969813e-001
  6.2185335e-001  8.4326788e-001
  4.0302005e-001  8.6434980e-001
  3.9943359e-001  6.9779291e-001
  1.3161932e-001  1.5766570e-003
  3.3145213e-001  3.2651651e-001
  8.6779769e-001  9.5151898e-002
  4.8800189e-001  2.4171722e-001
  4.3153673e-001  7.8123912e-001
  2.6054157e-001  6.2261489e-001
  4.5172239e-001  7.7677258e-001
  7.7594660e-003  8.2186375e-003
  8.2816690e-001  1.3135978e-001
  3.5544292e-001  5.5958473e-001
  7.4388453e-001  3.8762604e-001
  2.9866381e-001  7.0905361e-001
  4.1519170e-001  8.6146240e-001
  6.2493985e-001  4.5187579e-001
  4.0409289e-001  6.2328770e-001
  3.0196018e-001  3.6743768e-001
  1.5231972e-001  9.6163948e-002
  4.4190695e-001  3.1366065e-001
  5.5202350e-001  6.7273598e-001
  6.1798972e-001  6.4830843e-001
  4.5208415e-001  2.6473558e-001
  6.1676520e-001  7.2006999e-001
  5.1838015e-001  3.3219130e-001
  3.6449306e-001  7.6617295e-001
  7.7330971e-001  4.9914969e-001
  3.1839010e-001  6.3052699e-001
  6.8261099e-001  2.2158705e-001
  8.0185059e-001  6.4889642e-002
  3.8810989e-001  3.0918320e-001
  8.8058340e-002  3.9089304e-002
  9.2510541e-001  6.1467228e-002
  6.7847986e-001  2.8740421e-001
  4.9954242e-001  3.2913487e-001
  8.2916860e-001  3.2198737e-001
  1.1669606e-001  4.4921299e-002
  5.9868431e-001  5.7949917e-001
  6.3354396e-001  5.4908115e-001
  6.9088527e-001  5.7551524e-001
  7.3995374e-001  5.2274073e-001
  7.0401274e-001  3.5592676e-001
  2.9647567e-001  2.8806350e-001
  7.4098431e-001  3.9979529e-001
  4.4371293e-001  7.8111313e-001
  5.9248312e-001  8.5737546e-001
  6.3634804e-001  5.7467853e-001
  6.7372807e-001  7.7786840e-001
  2.4190850e-001  4.3075769e-001
  7.2052936e-001  3.4155901e-001
  3.9996405e-001  9.2372087e-001
  3.9403595e-001  9.0163704e-001
  4.1150225e-001  8.2758021e-001
  1.4974372e-001  1.5605632e-001
  6.3267259e-001  7.5860882e-001
  7.5374407e-001  4.4052725e-001
  7.6966282e-001  3.4835984e-001
  8.0803605e-001  7.0386435e-002
  5.4333387e-001  8.5182357e-001
  4.8508409e-001  2.3226177e-001
  4.4121926e-001  7.9890795e-001
  6.2649857e-001  2.5358820e-001
  7.7783158e-002  2.9367456e-002
  5.4406284e-001  9.7108386e-001
  2.9168146e-001  3.8139512e-001
  8.2222057e-001  2.6952991e-002
  3.7913563e-001  7.2393197e-001
  6.3889879e-001  5.0709244e-001
  1.7373889e-001  2.8801421e-001
  7.8580018e-001  2.7339351e-001
  3.6563105e-001  7.9073759e-001
  3.4214632e-001  5.0304290e-001
  1.4783221e-001  3.5965925e-001
  6.3905162e-001  3.9305897e-001
  1.3097372e-001  9.6204814e-002
  2.3129737e-001  2.9417039e-001
  7.2635615e-001  4.5625399e-001
  6.9468779e-001  6.7055026e-001
  9.6707892e-001  1.0103995e-003
  1.9697929e-001  1.8152970e-001
  5.2934481e-001  3.3580710e-001
  5.0419282e-001  2.2835905e-001
  4.8340677e-001  2.9798710e-001
  3.7761358e-001  2.8702090e-001
  5.1971965e-001  3.7642284e-001
  8.1576890e-001  4.5517523e-001
  2.0862876e-001  3.8050070e-001
  3.8879508e-001  2.5356775e-001
  6.8209397e-001  4.3101720e-001
  8.1798941e-002  1.2297528e-001
  4.9482566e-001  2.0238617e-001
  4.3033078e-001  7.0438904e-001
  3.4545758e-001  7.5941928e-001
  1.6017165e-001  1.0882001e-001
  3.8786915e-001  3.9346540e-001
  1.1580013e-001  1.0317178e-001
  9.3947800e-002  3.4971696e-002
  5.3213249e-001  9.5256284e-001
  4.1749569e-001  2.7156445e-001
  8.0472910e-001  6.0126952e-003
  6.4471331e-001  2.1545238e-001
  2.1570199e-001  5.2446219e-001
  8.5064079e-001  4.0588641e-003
  1.6254734e-001  5.6140204e-002
  4.3712357e-001  2.5187888e-001
  3.7415558e-001  4.9706641e-001
  6.7003835e-001  2.4580131e-001
  4.5616918e-001  8.6894486e-001
  5.4889198e-001  6.5988694e-001
  9.2507026e-001  5.0920064e-002
  6.8911142e-001  3.3166787e-001
  3.7958292e-001  2.9756448e-001
  4.7397950e-001  3.1088537e-001
  1.4714915e-001  1.1859964e-001
  6.3357737e-002  1.4250707e-001
  7.2282963e-001  5.3695786e-001
  2.2117649e-001  1.8648921e-001
  5.7570811e-001  9.1970532e-001
  8.2189861e-001  2.6331120e-001
  5.6316367e-001  8.9569928e-001
  3.3276783e-001  2.6752714e-001
  2.9242284e-001  2.8512675e-001
  5.6592787e-001  7.7480516e-001
  2.5498648e-001  1.5861012e-001
  5.9181033e-001  8.5421036e-001
  3.2581647e-001  6.5492083e-001
  4.3413808e-001  7.9861493e-001
  9.3550529e-001  8.1384294e-003
  6.4796353e-001  2.3848111e-001
  9.3820534e-002  1.7698243e-001
  8.1552637e-001  4.0801825e-001
  4.2420315e-001  3.3449507e-001
  6.7670340e-001  4.2563625e-001
  5.6006752e-001  8.8543888e-001
  4.2480712e-001  7.7863238e-001
  7.0613928e-001  6.1967734e-001
  4.2979022e-001  9.2013702e-001
  2.1093225e-001  1.7995170e-001
  9.6290796e-001  5.6471118e-002
  7.6963249e-001  3.9535254e-001
  5.1105547e-001  9.4387382e-001
  4.2110506e-001  5.9469248e-001
  1.4246931e-001  1.7788048e-001
  3.2163216e-001  5.2831718e-001
  8.1790876e-001  4.4657674e-001
  7.9951482e-002  1.7098190e-001
  1.6677465e-001  3.1264715e-001
  3.8677261e-001  7.6960955e-001
  4.8601078e-001  7.8182607e-001
  4.0570801e-001  3.0210712e-001
  7.9502716e-001  9.6084087e-002
  2.5069681e-001  5.2591534e-001
  4.8251490e-001  9.9252772e-001
  2.9096834e-001  3.2475619e-001
  8.2161657e-001  1.8199027e-001
  2.2362011e-001  4.8256398e-001
  2.6052565e-001  5.6517279e-001
  5.2508905e-001  3.3147865e-001
  5.6067296e-001  2.6839595e-001
  8.2602993e-001  3.0847321e-001
  2.8846037e-001  6.8828469e-001
  5.5149203e-001  8.3454646e-001
  6.8838660e-001  6.2825371e-001
  1.9286504e-001  1.1061383e-001
  1.2798187e-001  2.4368206e-001
  4.1261782e-001  2.1514856e-001
  6.3472160e-001  8.9172740e-001
  6.8876349e-001  5.8306326e-001
  3.2589296e-001  3.4875452e-001
  9.2328432e-001  4.5125314e-002
  7.5713401e-001  1.2309590e-001
  4.0111255e-001  6.4154971e-001
  1.9610905e-001  2.1913870e-001
  4.0027549e-001  5.2361323e-001
  8.6518759e-001  3.0974775e-001
  7.9193160e-001  3.8670349e-001
  8.2594564e-001  2.7780230e-001
  3.3762329e-001  4.5991605e-001
  2.0988789e-001  6.8020390e-002
  5.7998466e-001  7.9992383e-001
  8.0211830e-001  2.6231457e-001
  2.4118275e-001  3.4807291e-001
  6.3462401e-001  4.8918422e-001
  3.6718489e-001  5.3141243e-001
  4.3145909e-001  2.8753176e-001
  1.8407145e-001  2.6427959e-001
  5.5896817e-001  9.5092983e-001
  3.9748637e-001  7.0304042e-001
  8.2703186e-001  1.0191539e-002
  7.8947447e-001  3.3178024e-001
  7.3849634e-001  5.8639366e-001
  5.5864852e-001  2.2442073e-001
  7.8271927e-001  4.2136025e-001
  5.5765032e-001  8.4210150e-001
  2.0544898e-001  3.4983465e-001
  7.3477549e-001  5.1252362e-001
  1.9128916e-001  4.3780565e-001
  7.2456538e-001  5.5114400e-001
  8.7269862e-001  1.2803244e-001
  7.5662759e-001  2.1441964e-001
  4.1231440e-001  9.8695539e-001
  3.4759777e-001  4.0046512e-001
  6.6817227e-001  7.1637165e-001
  4.4367530e-001  7.4522776e-001
  5.2951640e-001  2.1457479e-001
  1.5629855e-001  2.8649979e-001
  4.9663086e-001  8.4643601e-001
  7.9033593e-001  5.0324877e-001
  2.5169191e-001  5.3534847e-001
  6.0220497e-001  8.2960746e-001
  2.9348370e-001  5.3268274e-001
  4.6553725e-001  2.9057550e-001
  5.1314471e-001  8.4904302e-001
  4.9744925e-001  3.0551430e-001
  7.0074386e-001  2.1563533e-001
  8.0312889e-001  4.3904638e-001
  5.1667426e-001  7.3947112e-001
  8.8625294e-002  2.3543841e-002
  5.4300949e-001  7.5382691e-001
  8.6132162e-001  1.2337683e-001
  3.7901759e-001  4.5852833e-001
  5.3517088e-001  6.8214192e-001
  7.0195513e-001  6.4488433e-001
  3.8545599e-001  5.5385515e-001
  8.4786088e-001  2.0923358e-001
  5.2684857e-001  8.0621412e-001
  3.9349651e-001  7.5721585e-001
  9.6173407e-001  9.3927075e-002
  6.4654823e-001  5.6778277e-001
  4.4665226e-001  3.7661002e-001
  1.7462691e-001  4.4089928e-002
  8.3524708e-001  2.0610056e-002
  1.3497490e-001  2.4547698e-001
  6.2316075e-001  2.0920267e-001
  5.1221569e-001  9.3923192e-001
  7.7290242e-001  3.2316329e-001
  4.8814753e-001  2.2151370e-001
  7.8204943e-001  4.0690099e-001
  5.9122935e-001  5.8931707e-001
  1.7605452e-001  3.3871821e-001
  6.7888961e-002  6.9136405e-002
  3.0939589e-001  4.8799801e-001
  6.1765866e-001  6.0888250e-001
  7.5628330e-001  3.8876813e-001
  5.9945368e-001  8.1132522e-001
  8.9860869e-001  2.2908284e-001
  8.1892811e-001  3.5577278e-001
  9.5568726e-001  4.4600301e-002
  3.1733784e-001  2.5197669e-001
  7.5993551e-001  1.8110402e-001
  8.0947518e-002  6.9729072e-002
  8.7039300e-001  1.8854758e-001
  8.7215969e-001  3.8781999e-002
  7.3140540e-001  6.5169431e-001
  7.2334926e-001  3.7724585e-001
  2.3973810e-001  3.2100351e-001
  4.2360268e-001  7.9100259e-001
  7.6340998e-001  5.1111783e-001
  2.3888881e-001  5.0607910e-001
  2.3154521e-001  1.4623570e-001
  6.1593818e-001  2.6403344e-001
  2.6850455e-001  3.0955554e-001
  7.6031887e-001  2.3776679e-001
  4.8216737e-001  7.0786490e-001
  3.6073827e-001  5.4807116e-001
  6.9082749e-001  7.1732409e-001
  6.1550859e-001  5.9389354e-001
  7.1732564e-001  3.0678418e-001
  1.8559841e-001  8.7588041e-002
  9.0329976e-001  2.9829671e-002
  3.1385091e-001  5.9235541e-001
  2.3582520e-001  2.7991057e-001
  6.8525446e-001  6.0447429e-001
  9.4463369e-001  3.5818257e-002
  4.3931192e-001  6.7471668e-001
  1.8126457e-001  8.8374466e-002
  9.3372938e-001  1.0515025e-001
  6.9062063e-001  7.5931116e-001
  3.2547141e-001  3.6560044e-001
  3.4571332e-001  7.4687020e-001
  3.5396831e-001  8.6604460e-001
  8.1275205e-001  1.7590539e-001
  3.1183581e-001  5.6288815e-001
  3.7890843e-001  8.8633356e-001
  7.4802945e-001  4.0538826e-001
  5.3626196e-001  9.3950275e-001
  1.3454797e-001  1.6721343e-002
  1.3130000e-001  2.6682907e-001
  7.8223987e-001  7.9108419e-002
  1.0312187e-001  3.2282005e-002
  4.0507100e-001  9.9206323e-001
  4.7419497e-001  8.5122820e-001
  1.4473767e-001  1.7747160e-002
  4.9434015e-001  9.5419914e-001
  5.1024243e-001  7.2660380e-001
  9.3499391e-001  5.1344995e-002
  5.1769208e-001  7.4709856e-001
  4.5926090e-001  7.7870859e-001
  7.7673799e-001  2.3100844e-001
  7.3380325e-001  4.3450685e-001
  6.3568163e-001  2.5448047e-001
  4.2747944e-001  2.9933233e-001
  7.0840342e-001  5.2364290e-001
  5.0830986e-001  2.1763746e-001
  8.6940599e-001  1.2983238e-001
  7.9854901e-001  4.9174095e-001
  7.9923406e-001  2.7106285e-001
  1.7214753e-001  3.8688630e-001
  5.9658051e-001  3.6331650e-001
  1.9099047e-001  1.3062529e-001
  3.0751251e-001  5.8327046e-001
  7.3844887e-001  3.6639931e-001
  6.3556508e-001  7.0630938e-001
  5.1288994e-001  7.3817615e-001
  4.2448111e-001  2.0137030e-001
  4.1591694e-001  7.7444245e-001
  8.2301891e-001  1.1375002e-001
  8.3604194e-001  1.7678041e-001
  7.7558726e-001  2.4459736e-001
  4.3609799e-001  2.6557874e-001
  3.7596625e-001  8.3252732e-001
  2.8412913e-001  4.2179121e-001
  3.2708034e-001  7.7966431e-001
  2.2598335e-001  4.9598525e-001
  7.7892559e-001  6.6372543e-002
  5.5844540e-001  7.9804765e-001
  6.6968372e-001  2.1660235e-001
  6.8590909e-001  5.8471553e-001
  7.6598387e-001  4.6503632e-001
  8.9766212e-001  2.4549007e-001
  9.0579353e-001  7.7005570e-002
  1.7857939e-001  2.2487840e-001
  2.8202236e-001  3.4974309e-001
  6.0875351e-001  8.1169110e-001
  4.3962816e-001  7.3779719e-001
  1.4839519e-001  2.9100729e-002
  6.2144594e-001  5.9616010e-001
  7.5436878e-001  5.0099776e-001
  2.8059695e-001  3.9643008e-001
  5.2717968e-001  9.9277227e-001
  3.1244058e-001  2.8371747e-001
  1.8174087e-001  5.5467161e-002
  7.7925294e-001  1.5199998e-001
  8.0950906e-001  4.6776804e-001
  6.1329975e-001  7.2679390e-001
  3.3521489e-001  5.1617324e-001
  5.8386259e-001  7.6793537e-001
  5.0127250e-001  2.8441606e-001
  8.9060916e-001  1.8177450e-001
  3.8972646e-001  6.9932808e-001
  9.3063870e-001  5.4686166e-002
  7.6993714e-001  5.0187926e-001
  9.1460800e-001  7.9651447e-002
  5.9504045e-001  6.7010678e-001
  8.1323228e-001  1.3442281e-002
  8.1038707e-001  3.2858997e-001
  6.8225387e-001  5.2044481e-001
  3.6807854e-001  7.2453398e-001
  4.8154387e-001  2.4367355e-001
  4.0019124e-001  2.5147995e-001
  7.0229583e-001  4.3195109e-001
  3.2136095e-001  6.7429345e-001
  7.7748618e-001  1.8759729e-001
  5.5340287e-001  3.1196157e-001
  4.6093410e-001  2.0435726e-001
  4.9174387e-001  8.1469397e-001
  3.5317226e-001  5.9174970e-001
  8.1503227e-001  7.9380381e-002
  7.3145957e-001  2.4238022e-001
  5.0126734e-001  8.8446253e-001
  6.7282673e-002  1.5063581e-001
  3.1017785e-001  4.7965554e-001
  8.1677791e-001  4.6579597e-003
  3.7408120e-001  2.6380815e-001
  1.9830820e-001  3.5397158e-001
  3.9441734e-001  9.3817242e-001
  6.6228748e-001  8.2951790e-001
  5.4010991e-001  8.5792811e-001
  3.0532991e-001  6.2187252e-001
  7.7040569e-001  2.8367070e-001
  7.1823335e-001  3.8762520e-001
  6.1569836e-001  9.4280721e-001
  4.7150919e-001  7.0660715e-001
  2.5580135e-001  2.6354300e-001
  1.2047092e-001  9.8618359e-002
  2.8591321e-001  5.8073024e-001
  5.0004626e-001  8.4708495e-001
  3.7790098e-001  5.4356390e-001
  8.3045707e-001  8.3347930e-003
  3.0317372e-001  6.2035438e-001
  4.7977625e-001  9.5496714e-001
  6.0353580e-001  9.7835912e-001
  1.4673162e-001  1.6600881e-001
  1.4205287e-001  2.6690513e-002
  3.4424602e-001  5.1040778e-001
  5.4993207e-001  7.6257343e-001
  2.3195987e-001  2.3112367e-001
  3.9879069e-001  5.8582425e-001
  1.2069100e-001  2.4450435e-001
  6.9437634e-001  5.6804808e-001
  6.1502167e-001  7.6047183e-001
  6.1715460e-001  2.7990504e-001
  8.2973918e-001  1.5359468e-001
  8.4621033e-001  2.9519248e-001
  3.9708364e-001  5.1333317e-001
  8.5180875e-001  2.5240904e-001
  4.2592360e-001  2.5924703e-001
  5.9755813e-001  5.4824271e-001
  4.2004120e-001  5.9111676e-001
  6.9279303e-001  7.3792127e-001
  7.5343823e-001  6.0494626e-001
  9.5355792e-001  4.5230105e-002
  3.7534020e-001  3.4675011e-001
  6.5751318e-001  3.3313576e-001
  3.0931087e-001  2.4423097e-001
  6.8438059e-002  9.6323267e-002
  2.6499967e-001  2.5775261e-001
  7.3830511e-001  5.9635119e-001
  6.3652589e-001  7.9805099e-001
  1.7013322e-001  2.0713641e-001
  2.7233558e-001  5.6039154e-001
  4.0326097e-001  2.4729107e-001
  6.6008268e-001  4.6007244e-001
  2.8605899e-001  6.9988907e-001
  5.1392094e-001  8.8629515e-001
  8.6422332e-001  1.8543749e-001
  8.9882643e-001  1.0731246e-001
  7.0919758e-001  3.0960525e-001
  4.5956426e-001  3.7943165e-001
  6.6896725e-001  8.0040466e-001
  3.5035610e-001  2.7232209e-001
  7.6009494e-001  1.0059638e-001
  6.2783089e-001  6.8792373e-001
  5.6925009e-001  9.1080949e-001
  4.6657208e-001  3.6110315e-001
  3.9222913e-001  2.2276355e-001
  5.7693500e-001  9.2049975e-001
  1.4934135e-001  1.6401490e-001
  4.1464110e-001  8.3115508e-001
  8.8419406e-001  1.4358816e-001
  3.1521051e-001  7.4443048e-001
  1.5254947e-001  3.3240328e-001
  7.1541380e-001  4.0423705e-001
  5.8611403e-001  2.8202044e-001
  3.6078056e-001  8.7302303e-001
  8.8720783e-001  2.3493440e-002
  2.4686938e-001  5.6428082e-001
  1.7381507e-001  2.7656849e-001
  4.0622485e-001  7.6270555e-001
  6.2377651e-001  3.1873091e-001
  4.7288974e-001  7.6538865e-001
  4.9876287e-001  7.5589677e-001
  3.9708199e-001  7.4919413e-001
  7.6832843e-001  1.0732593e-001
  4.6654616e-001  9.9827760e-001
  5.1669848e-001  2.3831571e-001
  4.4745448e-001  8.4947898e-001
  2.5657500e-001  2.0686164e-001
  4.6151607e-001  7.0163118e-001
  2.0697771e-001  4.4898543e-001
  2.3729151e-001  5.7241250e-001
  6.8430386e-001  3.7323751e-001
  4.2657766e-001  8.4251141e-001
  1.7417209e-001  1.2121201e-001
  3.9737210e-001  3.2733931e-001
  6.7093344e-001  6.1332059e-001
  4.8506249e-001  7.6575707e-001
  5.6352018e-001  6.0235589e-001
  1.5511660e-001  8.3477847e-002
  6.6186083e-001  4.9100131e-001
  4.5222480e-001  3.0732821e-001
  8.2346902e-001  2.3079266e-002
  2.6439038e-001  4.7997638e-001
  3.9333877e-001  5.3085045e-001
  9.1518077e-001  1.9028914e-001
  7.4164013e-001  3.0463454e-001
  2.0382744e-001  1.9984511e-001
  1.3528241e-001  2.4158394e-001
  6.1412199e-001  6.7662434e-001
  3.3914187e-001  3.8122970e-001
  2.3143100e-001  4.6592059e-001
  2.6650686e-001  5.9926439e-001
  7.5499094e-001  2.6621191e-001
  4.1629524e-001  8.1520858e-001
  5.2110928e-001  2.8471916e-001
  6.5618893e-001  5.8667554e-001
  3.9484752e-001  6.6508125e-001
  4.6191261e-001  9.4813548e-001
  5.5635879e-001  7.1306472e-001
  3.0232487e-001  4.2344534e-001
  6.3076024e-001  7.3975546e-001
  3.0888825e-001  4.0718229e-001
  1.3492127e-001  3.2223744e-001
  4.3113257e-001  8.3835564e-001
  4.6698120e-001  6.8784184e-001
  7.3153192e-001  3.4727690e-001
  6.9402912e-002  1.5451042e-001
  2.9466402e-001  3.9217831e-001
  5.5337475e-001  2.1668814e-001
  6.3335816e-001  5.9205021e-001
  7.5631744e-001  5.9666821e-001
  3.7741665e-001  9.4090042e-001
  8.3418513e-001  3.2636429e-001
  5.5520015e-001  2.1126804e-001
  8.6161039e-002  1.2342939e-001
  6.7940635e-001  7.9652301e-001
  4.2750856e-001  3.5776543e-001
  6.9348921e-001  7.2222074e-001
  5.1917205e-001  8.4730317e-001
  7.7844170e-001  5.3249928e-001
  9.2803253e-001  1.6533825e-001
  4.4929962e-001  7.5305307e-001
  6.4527009e-001  3.1583531e-001
  9.2747087e-002  4.7291328e-002
  7.7203803e-001  1.5806628e-001
  4.0397107e-001  7.4018374e-001
  2.7970812e-001  2.2609367e-001
  7.0272041e-001  4.7810551e-001
  6.8121210e-001  2.5090368e-001
  4.5763975e-001  9.0314471e-001
  5.3234535e-001  8.5823040e-001
  2.9834728e-001  4.5884670e-001
  4.0299623e-001  2.7901746e-001
  7.9020435e-001  1.8793845e-001
  3.0326366e-001  7.1691441e-001
  5.1874825e-001  8.4126594e-001
  7.0700054e-001  4.0056169e-001
  6.4219215e-001  6.2374459e-001
  8.8541223e-001  2.4690273e-001
  6.1818027e-001  6.5938903e-001
  6.2072433e-001  2.6483980e-001
  5.7923201e-001  9.1553349e-001
  9.9764652e-002  1.2947059e-001
  7.2156567e-001  5.3392949e-001
  5.4356452e-001  6.8698807e-001
  3.3039783e-001  3.2500156e-001
  6.0492809e-001  7.0444416e-001
  4.8773220e-001  2.8081267e-001
  7.3375865e-001  2.2086060e-001
  4.5330189e-001  6.6332834e-001
  2.1071530e-001  1.3325494e-001
  5.7739214e-001  7.5205094e-001
  7.8945941e-001  5.8557456e-002
  8.2745461e-002  8.4995430e-002
  1.0556861e-001  1.6746345e-001
  1.8272160e-001  2.1966705e-001
  5.9918487e-001  7.7365899e-001
  3.3641735e-001  4.8595470e-001
  3.1334851e-001  4.2406149e-001
  6.5647630e-001  4.7818040e-001
  6.6571868e-001  7.7516581e-001
  5.9772821e-001  7.9033392e-001
  4.0452661e-001  6.8322271e-001
  3.0195548e-001  4.2292789e-001
  5.0327570e-001  9.7070172e-001
  7.6293619e-001  4.6032277e-001
  6.4984569e-001  3.7215653e-001
  4.6371605e-001  9.7449680e-001
  2.7117192e-001  3.3022632e-001
  1.8738422e-001  4.1807998e-001
  3.4903755e-001  2.0639386e-001
  4.0295540e-001  5.1041784e-001
  7.8565740e-001  2.8684551e-001
  5.6237672e-001  7.8653958e-001
  7.0123783e-001  2.7401545e-001
  2.2431795e-001  1.5628165e-001
  5.0095409e-001  8.9036947e-001
  4.2991900e-001  6.7904391e-001
  5.1600244e-001  3.7947847e-001
  7.0539202e-001  5.8912019e-001
  6.2490507e-001  3.6016539e-001
  1.5315406e-001  1.6167442e-001
  3.1078955e-001  4.3251447e-001
  6.4931678e-001  3.5206992e-001
  4.0440103e-001  3.4701307e-001
  7.9951455e-001  2.4203371e-002
  5.9102040e-001  5.7552105e-001
  2.9167640e-001  2.7231619e-001
  2.2742931e-001  8.4508480e-002
  4.8794304e-001  3.0092135e-001
  8.7326894e-001  1.8057485e-001
  5.7907540e-001  9.0310573e-001
  4.2129001e-001  9.3286338e-001
  8.8142285e-001  1.5198140e-001
  1.2596769e-001  1.0075801e-001
  5.3609543e-001  2.2331066e-001
  7.5732028e-001  3.1229913e-001
  3.6868507e-001  7.0458510e-001
  7.8948060e-001  1.7152151e-001
  2.0542100e-001  9.3588821e-002
  6.2883878e-001  2.7387013e-001
  5.5934895e-001  2.2989224e-001
  6.5652403e-001  7.6376112e-001
  1.3232022e-001  4.1446213e-002
  2.7399913e-001  3.2088766e-001
  5.8734653e-001  9.9255489e-001
  7.8427471e-001  4.1123574e-002
  5.1991047e-001  7.6278439e-001
  5.8671559e-001  9.5981121e-001
  3.1591944e-001  7.7093498e-001
  4.3344876e-001  3.8220554e-001
  2.8755026e-001  4.5864961e-001
  2.2394253e-001  3.3467793e-001
  8.6594739e-001  4.2535106e-002
  3.0123792e-001  4.2253569e-001
  5.8705546e-001  6.5715725e-001
  6.6875055e-001  6.7487745e-001
  6.2393576e-001  3.1825583e-001
  4.5789981e-001  8.2946475e-001
  6.4776444e-001  7.9054686e-001
  4.2144883e-001  9.8949620e-001
  5.1860738e-001  8.2007009e-001
  5.4289554e-001  9.5062410e-001
  3.7912535e-001  5.6887641e-001
  8.4916971e-001  1.0636504e-001
  5.4558009e-001  6.4582736e-001
  8.1514993e-001  2.4073580e-001
  2.6893557e-001  4.2188215e-001
  5.5675568e-001  7.8617967e-001
  4.2453880e-001  6.2876493e-001
  7.9681634e-001  3.0266937e-001
  4.5675779e-001  8.6187205e-001
  1.7377417e-001  3.1004802e-001
  1.9250150e-001  1.2380157e-001
  3.8706358e-001  3.8971975e-001
  3.9186196e-001  7.1018038e-001
  3.7595298e-001  8.5599409e-001
  8.9426636e-001  1.7382212e-001
  6.4182104e-001  8.9037484e-001
  8.0014493e-001  2.2178099e-001
  4.2305902e-001  8.9665121e-001
  3.1674084e-001  6.5869368e-001
  3.6428768e-001  2.2473224e-001
  6.1573238e-001  9.1723129e-001
  5.9745195e-001  7.2830213e-001
  6.8523835e-001  5.0090097e-001
  9.7382051e-001  3.8528886e-002
  3.7506160e-001  7.5680271e-001
  6.4474224e-001  6.7373497e-001
  2.3317288e-001  5.5297217e-001
  6.8886259e-001  2.3623460e-001
  5.8168210e-001  5.7301588e-001
  5.5634683e-001  2.2227225e-001
  6.8937745e-001  4.5022414e-001
  7.6095274e-001  5.5377957e-001
  5.2769278e-001  2.7830176e-001
  3.4151409e-001  3.0565000e-001
  2.6404108e-001  4.8167848e-001
  4.8370876e-001  8.1610853e-001
  8.4455106e-001  3.1894600e-001
  5.9923626e-001  6.7790172e-001
  5.1705713e-001  8.8693196e-001
  4.8907701e-001  3.6682604e-001
  6.4964406e-001  7.5350117e-001
  3.3481598e-001  3.5552518e-001
  4.3335620e-001  2.4083565e-001
  6.8092288e-001  6.2038716e-001
  3.2084812e-001  6.2920083e-001
  3.6955755e-001  2.0586987e-001
  3.8387594e-001  9.0033354e-001
  3.3587764e-001  5.7074277e-001
  2.3813734e-001  3.2439211e-001
  3.0149055e-001  2.7935655e-001
  1.8002420e-001  1.7506747e-001
  7.9026490e-001  2.6825490e-001
  3.3132762e-001  6.4127771e-001
  7.8161564e-001  9.6992478e-002
  8.9737365e-001  2.2657734e-001
  4.5464755e-001  7.7896092e-001
  2.7235753e-001  1.8124768e-001
  4.2318135e-001  7.0880824e-001
  8.1743215e-001  3.9681373e-001
  4.0326491e-001  6.1640839e-001
  6.5159881e-001  3.5575861e-001
  1.5243131e-001  2.6648072e-001
  3.3990600e-001  6.1842680e-001
  7.6829232e-001  4.4018113e-001
  6.0880355e-001  5.1083709e-001
  2.4674587e-001  2.2014112e-001
  4.2992799e-001  9.4458290e-001
  3.6294115e-001  7.0540316e-001
  4.0099639e-001  8.8486992e-001
  5.1435271e-001  3.6348645e-001
  2.5647150e-001  5.1795348e-001
  4.4698279e-001  9.3350009e-001
  4.1843903e-001  2.9577658e-001
  7.1405661e-001  5.7764738e-001
  3.8017219e-001  8.6803363e-001
  6.6088241e-001  8.3422275e-001
  2.3694311e-001  3.2451599e-001
  2.5853220e-001  2.7434299e-001
  3.4013455e-001  7.2249842e-001
  5.4221415e-001  3.8277553e-001
  5.6150269e-001  6.6934782e-001
  2.7439270e-001  6.2421714e-001
  6.1254575e-001  9.1645854e-001
  7.1444887e-001  2.5100156e-001
  7.3803202e-001  2.0610784e-001
  6.3182029e-001  3.1500928e-001
  8.7116579e-001  5.5539328e-002
  6.0263193e-001  2.2965857e-001
  3.4652633e-001  8.3227612e-001
  1.9969035e-001  2.2229598e-001
  6.5211543e-001  5.9078865e-001
  6.0596724e-001  7.8763462e-001
  6.0755967e-002  1.0563696e-001
  8.4723774e-001  3.2795888e-002
  5.4030234e-001  6.8939704e-001
  7.3239451e-001  5.0166227e-001
  6.6682263e-001  5.8189042e-001
  8.7539353e-001  1.6327519e-001
  4.6789294e-001  9.3149707e-001
  5.6602878e-001  8.7011075e-001
  7.6072429e-001  3.6278245e-001
  5.1578857e-001  9.6029000e-001
  4.2791004e-001  6.4524845e-001
  4.4064209e-001  2.4802492e-001
  6.1549585e-001  5.8320117e-001
  3.5040783e-001  2.9210363e-001
  6.3599207e-001  3.4287702e-001
  5.1953556e-001  2.8284799e-001
  6.2644921e-001  5.9998686e-001
  9.4918872e-001  5.4754400e-002
  2.2348371e-001  4.8460181e-001
  6.2594636e-001  2.3655199e-001
  5.1633626e-001  7.9935122e-001
  3.9898169e-001  6.5334447e-001
  3.0370742e-001  5.0854715e-001
  2.1433100e-001  4.1775926e-001
  7.5732111e-001  4.7346227e-001
  5.0665814e-001  2.6551665e-001
  4.2490008e-001  6.7261071e-001
  2.2074913e-001  2.7117361e-001
  2.8059547e-001  5.2965786e-001
  6.7405958e-001  6.7834450e-001
  5.9820533e-001  5.1771230e-001
  3.8884688e-001  3.8715461e-001
  8.2770210e-001  3.7146507e-001
  4.4573473e-001  8.2913069e-001
  4.2988790e-001  2.5546995e-001
  7.0133643e-001  2.3185518e-001
  2.3699666e-001  4.5736137e-001
  4.0147587e-001  7.1468999e-001
  3.0879015e-001  4.0805773e-001
  8.2425685e-001  4.1308197e-001
  6.8749353e-001  4.1892087e-001
  1.7758868e-001  1.0807868e-001
  3.8912886e-001  4.8423968e-001
  6.0740050e-001  2.1576257e-001
  4.4770920e-001  3.1926143e-001
  4.4328647e-001  2.0653934e-001
  2.4820401e-001  5.4809924e-001
  2.0652687e-001  4.9313419e-001
  9.1416014e-001  6.7375434e-002
  5.8260759e-001  6.2527892e-001
  6.9330371e-001  6.6850222e-001
  4.8647533e-001  3.3199857e-001
  5.1856566e-001  7.8631652e-001
  3.3916966e-001  4.8982811e-001
  8.0187563e-001  1.6867621e-002
  1.5969981e-001  2.6107253e-001
  6.3692904e-001  2.9895133e-001
  2.3306373e-001  9.1199211e-002
  7.8449820e-001  3.1578523e-001
  2.0765450e-001  4.7512756e-001
  6.2307155e-001  2.3949618e-001
  4.0784201e-001  7.6920389e-001
  1.6276737e-001  1.4315577e-001
  2.5292705e-001  2.1160917e-001
  6.8728797e-001  3.3362010e-001
  6.8098333e-001  7.1833718e-001
  5.7698934e-001  6.9957816e-001
  6.8441309e-001  5.2299739e-001
  3.1619732e-001  2.2723145e-001
  5.1183486e-001  7.6710569e-001
  4.4610127e-001  2.4648108e-001
  5.2018114e-001  2.0454394e-001
  6.5230813e-001  7.7312830e-001
  5.9101580e-001  7.9619901e-001
  4.6746731e-001  2.8567030e-001
  6.1341802e-001  3.5666008e-001
  3.3004089e-001  5.1982260e-001
  4.2583631e-001  7.4578262e-001
  4.3495598e-001  7.3827075e-001
  8.3677688e-002  7.6685026e-002
  5.5491236e-001  8.2888332e-001
  6.4410440e-001  4.8588771e-001
  3.9226342e-001  9.3007889e-001
  3.2663965e-001  4.4001388e-001
  4.6732190e-001  9.4248037e-001
  5.8064581e-001  6.6386160e-001
  5.9769926e-001  6.3008043e-001
  6.5656761e-001  4.2709072e-001
  5.8148225e-001  7.0913011e-001
  7.6384699e-001  2.0017786e-001
  1.6355940e-001  1.0998363e-001
  6.6013567e-001  7.4063269e-001
  1.2325360e-001  7.3517155e-003
  5.8713638e-001  9.9848224e-001
  1.6459284e-001  1.2438733e-001
  4.7378490e-001  9.2938262e-001
  3.4663270e-001  6.0862382e-001
  3.8195386e-001  2.9582888e-001
  6.3681226e-001  5.2424147e-001
  1.7124741e-001  2.5200026e-001
  3.6668553e-001  5.9926587e-001
  8.7413582e-001  2.6391245e-001
  4.6354373e-001  8.0151941e-001
  1.0013079e-001  9.8923279e-002
  9.1886116e-001  1.4915723e-001
  2.0504757e-001  3.6663481e-001
  1.6415316e-001  3.3237216e-001
  6.6511114e-001  6.3858550e-001
  8.7356454e-001  1.3749545e-001
  6.0982861e-001  5.3932725e-001
  2.8557228e-001  6.1871137e-001
  6.1937470e-001  8.5360638e-001
  6.2320361e-001  3.9291224e-001
  3.4857918e-001  4.0651865e-001
  2.5357168e-001  2.4470667e-001
  7.0622605e-001  5.6055740e-001
  1.5061682e-001  9.0668674e-002
  5.2362761e-001  3.8154717e-001
  6.4954732e-001  4.3593840e-001
  2.3338466e-001  1.0764143e-001
  1.4013584e-001  2.0445632e-001
  5.3767775e-001  2.9244064e-001
  8.1316878e-001  3.4937283e-001
  2.4250184e-001  2.4162521e-001
  1.9708339e-001  1.4745229e-002
  1.9451263e-001  9.1746515e-003
  5.5038127e-001  6.3649159e-001
  4.2810781e-001  8.3411413e-001
  4.0708998e-001  2.4882806e-001
  8.3226625e-001  1.1719782e-001
  1.9270041e-001  4.7178366e-001
  6.7993589e-001  2.8937785e-001
  4.5568491e-001  9.3075989e-001
  6.1738944e-001  2.0150053e-001
  6.1152634e-001  5.2840920e-001
  6.2293022e-001  5.1073545e-001
  4.0916684e-001  6.6356995e-001
  4.2254981e-001  5.8851664e-001
  7.1608785e-001  3.6328719e-001
  6.0526473e-001  5.3377323e-001
  3.6786967e-001  4.5475362e-001
  5.6006368e-001  8.5721615e-001
  6.4026506e-001  4.1863510e-001
  3.1938383e-001  3.2284892e-001
  6.6639715e-001  3.8602264e-001
  8.6492959e-002  1.9919438e-001
  2.7729076e-001  4.8822246e-001
  7.0798142e-001  6.7477626e-001
  6.0292325e-001  7.5086082e-001
  4.9506316e-001  2.7717714e-001
  6.4794632e-001  2.4723166e-001
  4.0044319e-001  5.0801812e-001
  7.6751488e-001  2.5860663e-001
  3.8386331e-001  6.4025732e-001
  8.8449592e-002  1.4927818e-001
  5.6146691e-001  6.9426075e-001
  2.5675854e-002  3.8775195e-002
  2.5951604e-001  3.0419082e-001
  3.2716275e-001  7.9226925e-001
  7.4593189e-001  3.4760593e-001
  6.2936091e-001  8.9760756e-001
  1.9659477e-001  1.0313215e-001
  2.6595393e-001  1.8407123e-001
  3.6218985e-003  8.5980237e-003
  1.1575720e-001  4.7150064e-002
  5.5891573e-001  6.7672630e-001
  9.0120648e-001  2.3482906e-001
  6.9988286e-001  6.9998388e-001
  5.2950152e-001  9.5062050e-001
  6.9981593e-001  6.6714389e-001
  1.7078846e-001  2.0238870e-001
  2.0323450e-001  2.2544234e-001
  9.4680455e-002  4.0654622e-002
  3.9336183e-001  2.8568393e-001
  2.3343678e-001  5.6692110e-001
  4.3347651e-001  2.7062104e-001
  2.8210619e-001  5.4571619e-001
  2.9207776e-001  4.3177854e-001
  4.1396678e-001  9.7773352e-001
  6.1615083e-001  2.1409810e-001
  4.0299571e-001  9.5470256e-001
  2.3250988e-001  5.0235300e-001
  6.7938343e-002  9.3817701e-002
  4.4411834e-001  7.6000181e-001
  7.6843354e-001  4.8811222e-001
  2.2238831e-001  1.6223086e-001
  3.2746634e-001  6.9719291e-001
  5.5920834e-001  9.9804598e-001
  3.0466534e-001  4.1667597e-001
  8.1140330e-001  2.4113691e-001
  4.3211746e-001  6.2108565e-001
  5.7542443e-001  9.2996180e-001
  2.0306309e-001  2.2635054e-001
  8.3105460e-001  3.5845226e-001
  2.8437419e-001  2.5195176e-001
  3.7204320e-001  2.3287709e-001
  5.5677652e-001  6.6425730e-001
  2.3445918e-001  5.0064717e-001
  4.0382022e-001  3.5969282e-001
  3.2610254e-001  4.1684755e-001
  3.9517754e-001  5.5533889e-001
  6.4222599e-001  3.2417582e-001
  2.9106721e-001  2.4358655e-001
  4.0557866e-001  8.6732421e-001
  7.6460859e-001  3.2163379e-001
  8.1923911e-001  1.6569992e-001
  1.4835940e-001  4.0374151e-003
  6.3627379e-001  7.2035842e-001
  5.8334520e-001  5.4850730e-001
  2.0607071e-001  9.5360574e-002
  7.0551225e-001  3.2691813e-001
  7.6838327e-001  2.0270673e-001
  3.8938257e-001  2.9362967e-001
  3.2761950e-001  7.3689297e-001
  7.8529469e-001  9.7541628e-002
  7.1043210e-001  2.1509208e-001
  1.3809146e-001  3.2389350e-001
  7.8888062e-001  2.9860946e-001
  7.9780948e-001  1.2792989e-001
  3.8541413e-001  3.9607142e-001
  9.3274705e-001  8.8901450e-002
  3.3853151e-001  6.4067447e-001
  6.7698783e-001  7.7443315e-001
  2.1995590e-001  4.0507667e-001
  6.6287821e-001  6.2935530e-001
  1.6792090e-001  3.2806954e-001
  5.4586613e-001  9.5693718e-001
  6.2753579e-001  3.7674509e-001
  8.3186013e-001  1.8229696e-001
  7.6269038e-001  4.5459890e-001
  7.0135502e-001  4.4709087e-001
  8.1795376e-001  2.9917665e-001
  2.1162186e-001  1.6634093e-001
  3.4705555e-001  3.8106113e-001
  6.0621266e-001  6.9886111e-001
  4.5008501e-001  6.8812847e-001
  5.1246464e-001  8.9691695e-001
  6.4314761e-001  5.1672659e-001
  1.9458409e-001  2.9686075e-001
  1.5393732e-001  3.6272619e-002
  2.1778901e-001  4.4993123e-001
  5.5474668e-001  2.0837373e-001
  4.5211263e-001  6.6985029e-001
  5.8875553e-001  6.7972984e-001
  7.1349200e-001  5.8044371e-001
  3.8185246e-001  6.7010699e-001
  3.5851384e-001  5.4823776e-001
  5.5794811e-001  2.0244882e-001
  9.6544244e-002  1.0477573e-001
  2.4338331e-001  4.4598293e-001
  7.6278898e-001  5.5917445e-001
  5.3882788e-001  3.3390768e-001
  9.9047623e-001  5.4201158e-004
  4.5730663e-002  3.8282116e-002
  7.1667308e-001  6.1673633e-001
  5.6260122e-001  9.3341225e-001
  6.2333614e-001  7.1785510e-001
  5.4796115e-001  7.0345948e-001
  4.2811105e-001  7.5925991e-001
  4.7605480e-001  8.1695300e-001
  6.2156545e-001  5.9903282e-001
  7.4741748e-001  5.6163930e-001
  5.8534669e-001  7.4318174e-001
  6.2237464e-001  2.9884435e-001
  5.4645173e-001  8.5670826e-001
  3.7050132e-001  6.4867331e-001
  6.8495202e-001  3.3808493e-001
  6.7872682e-001  4.9904349e-001
  5.9246673e-001  5.2598801e-001
  2.2796647e-001  1.3955494e-001
  4.0217828e-001  6.5315127e-001
  5.9353256e-001  7.9016935e-001
  3.6774148e-001  6.4163229e-001
  5.2743438e-001  3.1069263e-001
  5.0725285e-001  2.4799250e-001
  3.2273459e-001  6.0128549e-001
  7.2610493e-001  5.7948951e-001
  5.7959666e-001  9.4926404e-001
  6.1044194e-001  8.1936605e-001
  6.2304184e-001  7.3469761e-001
  6.0667724e-001  4.9643108e-001
  7.0575808e-001  2.1740315e-001
  7.2880892e-001  3.4068784e-001
  4.3998786e-001  8.7140961e-001
  7.8279962e-001  4.8490563e-001
  5.5459004e-001  6.3402124e-001
  4.4150059e-001  6.2883276e-001
  3.0920209e-001  2.8011669e-001
  7.8764156e-001  5.2607173e-001
  5.5715217e-001  2.9781368e-001
  3.0008317e-001  5.2280194e-001
  9.0831949e-001  1.1355636e-001
  2.8704997e-001  5.9074733e-001
  3.8970134e-001  9.3550689e-001
  4.4265369e-001  2.1200131e-001
  4.1870935e-001  2.1903599e-001
  6.0167434e-001  7.6115449e-001
  6.7584715e-001  2.3468407e-001
  4.0792408e-001  6.5226943e-001
  6.1400895e-001  8.4906622e-001
  2.6234155e-001  2.8332140e-001
  2.9141775e-001  5.0259241e-001
  2.2593431e-001  3.7160016e-001
  2.8323364e-001  3.3360772e-001
  8.2920585e-001  1.9652634e-001
  6.0303244e-001  2.5217310e-001
  6.6154710e-001  6.6682435e-001
  5.8661737e-001  9.7522473e-001
  4.9919228e-001  9.2910757e-001
  8.3855517e-001  3.5992728e-001
  8.5554302e-001  1.3728469e-001
  5.8208528e-001  3.0786493e-001
  5.5408902e-001  8.3705874e-001
  1.1201028e-001  2.4979366e-001
  6.9820677e-001  4.2090040e-001
  2.4984257e-001  3.4884293e-001
  3.9428432e-001  6.1998129e-001
  7.3934241e-001  3.9856909e-001
  7.6248239e-001  1.7856976e-001
  2.3546057e-001  1.3125913e-001
  7.5702805e-001  1.6218406e-001
  5.2422110e-001  3.9418800e-001
  3.9923451e-001  9.8269075e-001
  8.9943073e-001  2.2796918e-001
  1.7143496e-001  2.2358079e-001
  5.7021928e-001  9.5939642e-001
  3.4133805e-001  5.9060945e-001
  3.9136989e-001  3.6608774e-001
  5.2144984e-001  8.1294672e-001
  3.4682594e-001  7.5625932e-001
  3.0583937e-001  5.1152229e-001
  9.0123900e-001  6.7872040e-002
  2.9631870e-001  2.6425452e-001
  8.5155737e-001  5.5728384e-002
  7.2941357e-001  6.1520367e-001
  6.4278163e-001  7.7962103e-001
  7.2812986e-001  5.9695752e-001
  8.9220499e-001  2.5668785e-001
  5.0992914e-001  2.6772369e-001
  5.5308973e-001  7.0467062e-001
  4.8224658e-001  8.3311972e-001
  5.7412947e-001  2.3173754e-001
  8.2792003e-001  1.7251007e-001
  7.0457444e-001  4.4691438e-001
  3.4185842e-001  8.3572781e-001
  4.0202636e-001  9.0014455e-001
  5.3890389e-001  9.1593759e-001
  1.8974454e-001  2.1272061e-001
  2.9339399e-001  2.0267745e-001
  3.1261078e-001  5.7573787e-001
  2.9749883e-001  5.2718164e-001
  2.5811674e-001  3.4768362e-001
  3.1245671e-001  2.6480853e-001
  7.5679420e-001  5.7795633e-001
  2.6664349e-001  6.2442390e-001
  6.1122291e-001  8.9377323e-001
  6.8394233e-001  7.3801791e-001
  6.6946644e-002  6.3536334e-002
  3.5421523e-001  3.8072246e-001
  4.1287770e-001  8.0971973e-001
  6.1612291e-001  9.4371732e-001
  4.3182709e-001  5.8484817e-001
  4.1589863e-001  7.5987446e-001
  7.1580858e-001  6.4716370e-001
  6.4332206e-001  2.8246095e-001
  8.2455552e-001  1.8660373e-001
  8.4327830e-001  1.7534872e-001
  2.4259981e-001  4.4104206e-001
  3.6996807e-001  7.5793084e-001
  4.6905706e-001  3.4957793e-001
  5.3292918e-001  2.2241726e-001
  5.4038012e-002  5.2395206e-002
  6.2228030e-001  6.4268802e-001
  6.6517777e-001  4.5392169e-001
  7.5952658e-001  4.1101288e-001
  6.7550960e-001  5.0762151e-001
  3.2714025e-001  6.4183013e-001
  3.9452926e-001  2.6317103e-001
  4.8187072e-001  2.5075694e-001
  7.2286972e-001  4.7792879e-001
  2.2592479e-001  4.1616923e-001
  3.5537940e-001  6.0592078e-001
  6.4207231e-001  6.0048459e-001
  6.4302090e-001  8.2032652e-001
  2.9905258e-001  2.1373434e-001
  2.4755084e-001  2.3096074e-001
  6.3911466e-001  4.3850981e-001
  2.1286368e-001  2.1115891e-001
  6.4700081e-001  3.9307444e-001
  4.9363884e-001  2.4308880e-001
  4.1259155e-001  2.4228212e-001
  5.4696726e-001  9.8169165e-001
  6.7806020e-001  6.3691160e-001
  5.0923654e-001  2.2242668e-001
  8.2935442e-001  3.1754786e-001
  4.5258955e-001  7.5294689e-001
  4.8944965e-001  7.6420663e-001
  7.2768917e-001  2.6217715e-001
  5.5377559e-001  7.7730522e-001
  4.4682072e-001  3.6216438e-001
  7.5780215e-001  5.3869481e-001
  6.9147676e-001  2.1523533e-001
  6.0204857e-001  9.1548285e-001
  6.7622708e-001  2.7175858e-001
  8.0587391e-001  2.6998142e-001
  2.7687287e-001  2.2027042e-001
  5.3261719e-001  2.7711068e-001
  1.4365175e-001  9.4547113e-003
  2.0507271e-001  3.0525007e-001
  5.7583333e-001  6.0394104e-001
  2.5319295e-001  3.8307783e-001
  6.4982243e-001  2.7952033e-001
  7.4577515e-001  4.5502715e-001
  3.8356753e-001  3.1028618e-001
  7.8223023e-001  5.0287446e-001
  5.9459792e-001  3.0335598e-001
  1.6001444e-001  2.6735687e-001
  2.4897245e-001  3.9620692e-001
  8.1493316e-001  1.7523146e-001
  6.1430756e-001  3.9431446e-001
  8.3447911e-001  3.8000268e-001
  8.2052256e-001  4.5699329e-002
  5.6296107e-001  2.6639710e-001
  7.6601569e-001  5.7127018e-001
  6.3922962e-001  7.2116871e-001
  8.7727271e-001  2.8495906e-002
  6.6863294e-001  8.1346402e-001
  6.5924639e-001  5.5065930e-001
  5.9637848e-001  2.6165310e-001
  7.3345583e-001  5.0369942e-001
  5.1876787e-001  7.9175531e-001
  4.5229623e-001  3.2804878e-001
  6.0024419e-001  3.8134599e-001
  7.3435108e-001  5.2938036e-001
  8.3489004e-001  2.4289262e-001
  5.1038115e-001  2.5626204e-001
  4.2234481e-001  5.6022215e-001
  3.8214464e-001  7.5890143e-001
  8.4744271e-001  6.6357440e-002
  3.8479364e-001  3.3530503e-001
  7.2274313e-001  2.4738531e-001
  5.1549333e-001  7.7298353e-001
  1.6522059e-001  1.1629342e-001
  5.8926109e-001  7.1581556e-001
  6.3953730e-001  7.1378948e-001
  5.8557292e-001  3.3905274e-001
  8.5507181e-001  3.3650921e-001
  4.3678884e-001  7.9164684e-001
  2.0307051e-001  2.3776619e-001
  8.4601108e-001  2.2405284e-001
  4.0668144e-001  9.1328784e-001
  3.2235099e-001  6.5520330e-001
  6.0053257e-001  6.8375841e-001
  9.3911826e-001  2.6470326e-002
  4.5753741e-001  3.4048460e-001
  6.0021796e-001  5.9406558e-001
  6.4146031e-001  6.2290950e-001
  6.8823165e-001  3.8204584e-001
  9.0850545e-001  2.3018171e-002
  8.9309375e-001  1.0242051e-001
  8.6745245e-001  1.9519732e-001
  4.3026383e-001  2.5549193e-001
  7.5317924e-001  2.5206015e-001
  6.5847916e-001  3.0072007e-001
  5.6088055e-001  3.8831155e-001
  4.2117148e-001  7.2364019e-001
  4.0885533e-001  5.4916246e-001
  6.2669385e-001  8.5795909e-001
  2.1538790e-001  4.6014259e-001
  7.1150762e-001  3.6952269e-001
  6.7678726e-001  6.4550046e-001
  4.1579304e-001  3.9916244e-001
  6.4399540e-001  5.0597769e-001
  5.3817204e-001  7.6188757e-001
  3.7453855e-001  3.3206933e-001
  5.7935540e-001  7.4807817e-001
  7.1947669e-001  2.9992988e-001
  2.7179625e-001  4.6595872e-001
  7.2775948e-001  6.3303572e-001
  7.8913259e-001  1.8422901e-001
  8.1618940e-001  3.7818928e-001
  1.4568400e-001  2.6003173e-001
  7.1111740e-001  6.9084618e-001
  5.2649831e-001  8.1225786e-001
  2.1851322e-001  4.0201455e-001
  5.7154557e-001  8.2468946e-001
  3.8873078e-001  6.5217045e-001
  2.3402806e-001  1.2982183e-001
  1.1738900e-001  6.3151785e-002
  3.9749467e-001  8.1169945e-001
  4.3717986e-001  6.6958851e-001
  3.5204661e-001  2.7154069e-001
  2.1976644e-001  3.6966215e-001
  1.6271579e-001  6.4314362e-002
  4.5177849e-001  8.1888980e-001
  4.7766595e-001  9.0787776e-001
  7.7852417e-001  4.8322852e-001
  5.4059923e-001  9.5610572e-001
  6.2001116e-001  4.8534849e-001
  7.9443443e-001  9.3165177e-002
  4.3464851e-002  3.0665856e-002
  4.4725618e-001  3.5878033e-001
  3.2316020e-001  5.7339607e-001
  6.2547323e-001  8.9528817e-001
  1.1907917e-001  2.7362979e-001
  5.2694581e-001  6.8924042e-001
  6.1003841e-001  5.0154278e-001
  4.1089036e-001  8.7459467e-001
  6.3057024e-001  4.6649702e-001
  8.8185088e-001  9.4327159e-002
  6.8142676e-001  3.1093741e-001
  6.1119480e-001  2.5575352e-001
  9.2592098e-002  1.0481200e-001
  7.1781476e-001  2.9029269e-001
  7.8044812e-001  4.9850364e-001
  5.4686138e-001  8.2048955e-001
  7.1731902e-001  2.0263892e-001
  2.0403324e-001  2.1071938e-001
  4.2120246e-001  9.6697557e-001
  5.4485203e-001  2.2621361e-001
  7.5019030e-001  5.1330986e-001
  7.1188974e-001  5.4174963e-001
  7.3948057e-001  6.2799092e-001
  5.0556190e-001  8.1210242e-001
  1.6295370e-001  6.3931458e-002
