  3.3023256e-001  8.8115450e-001
  7.5348837e-001  8.0984720e-001
  2.8837209e-001  8.2682513e-001
  8.0310078e-001  7.3514431e-001
  8.7441860e-001  6.0441426e-001
  1.4263566e-001  4.2954160e-001
  2.2170543e-001  7.5551783e-001
  4.9302326e-001  9.3548387e-001
  9.1782946e-001  5.0764007e-001
  1.2403101e-001  5.8064516e-001
  1.0077519e-001  4.4142615e-001
  6.4806202e-001  4.3123939e-001
  6.7906977e-001  4.7198642e-001
  3.6589147e-001  9.4736842e-001
  8.8992248e-001  6.2818336e-001
  8.5116279e-001  6.2478778e-001
  1.1472868e-001  3.2767402e-001
  1.9379845e-001  6.8590832e-001
  6.9457364e-001  9.6774190e-002
  3.7364341e-001  6.6044143e-001
  1.5348837e-001  2.8353141e-001
  8.3720930e-002  5.7555178e-001
  3.4108527e-001  9.3718166e-001
  9.1162791e-001  4.5670628e-001
  3.8449612e-001  6.0271647e-001
  6.4651163e-001  6.5704584e-001
  8.9147287e-001  2.8862479e-001
  7.3488372e-001  8.8794567e-001
  4.1085271e-001  1.1884550e-001
  8.4186047e-001  3.6162988e-001
  1.6434109e-001  2.0713073e-001
  5.0697674e-001  3.5653650e-002
  3.7209302e-001  6.1460102e-001
  7.1007752e-001  8.1833616e-001
  6.8372093e-001  7.0118846e-001
  6.1395349e-001  6.6893039e-001
  7.2248062e-001  8.6247878e-001
  3.1782946e-001  6.6044143e-001
  3.6589147e-001  8.6587440e-002
  8.4341085e-001  3.8030560e-001
  6.8837209e-001  8.3870968e-001
  3.1937984e-001  7.0118846e-001
  2.8217054e-001  8.4719864e-001
  1.6279070e-001  7.9456706e-001
  3.3798450e-001  6.9269949e-001
  8.0000000e-001  2.3259762e-001
  2.0775194e-001  1.8166384e-001
  6.5736434e-001  6.6383701e-001
  1.5968992e-001  6.2308998e-001
  3.6899225e-001  8.8285230e-002
  6.6821705e-001  9.0492360e-001
  3.1317829e-001  5.9932088e-001
  3.4108527e-001  7.2325976e-001
  8.3100775e-001  8.0814941e-001
  2.2790698e-001  2.1052632e-001
  9.6124030e-002  6.6044143e-001
  3.8294574e-001  3.5483871e-001
  2.3875969e-001  8.7436333e-001
  1.3023256e-001  6.0101868e-001
  6.2480620e-001  9.3548387e-001
  7.8139535e-001  2.0713073e-001
  6.8217050e-002  5.4329372e-001
  5.8449612e-001  8.3191850e-002
  3.2093023e-001  9.3039049e-001
  2.5891473e-001  8.4719864e-001
  8.7906977e-001  3.4804754e-001
  1.1317829e-001  2.8692699e-001
  8.3565891e-001  2.1561969e-001
  6.2790698e-001  3.6672326e-001
  5.4108527e-001  3.3955860e-002
  8.9302326e-001  6.2308998e-001
  2.4961240e-001  8.4040747e-001
  4.1395349e-001  8.8115450e-001
  3.3333333e-001  6.8760611e-001
  3.1162791e-001  6.5534805e-001
  8.9147287e-001  4.8387097e-001
  8.3720930e-001  7.3005093e-001
  5.5813953e-001  6.2818340e-002
  1.4418605e-001  3.4465195e-001
  2.1240310e-001  1.6808149e-001
  8.5271320e-002  5.6536503e-001
  8.2635659e-001  2.5636672e-001
  6.2635659e-001  9.2529711e-001
  1.1007752e-001  4.0747029e-001
  3.6744186e-001  3.2767402e-001
  8.9922480e-002  4.4482173e-001
  3.9844961e-001  5.8743633e-001
  8.8837209e-001  3.6842105e-001
  9.2558140e-001  4.1256367e-001
  6.5581395e-001  8.1494060e-002
  8.4806202e-001  4.6010187e-001
  5.6899225e-001  2.9371817e-001
  1.4883721e-001  7.0967742e-001
  8.0310078e-001  2.0033956e-001
  9.2558140e-001  5.9932088e-001
  9.9224810e-002  4.2954160e-001
  6.9922481e-001  9.1001698e-001
  6.5581395e-001  1.4770798e-001
  1.4418605e-001  2.4108659e-001
  6.3410853e-001  3.5993209e-001
  8.7751938e-001  2.9032258e-001
  8.5891473e-001  7.3684211e-001
  9.1162791e-001  6.1969440e-001
  3.5503876e-001  6.0101868e-001
  9.7674420e-002  3.4974533e-001
  7.0852713e-001  8.1154499e-001
  3.4108527e-001  9.4567063e-001
  9.1007752e-001  3.7181664e-001
  7.9689922e-001  7.3344652e-001
  6.4961240e-001  9.5076400e-002
  7.4883721e-001  8.4719864e-001
  8.9457364e-001  6.4346350e-001
  9.0232558e-001  5.3140917e-001
  1.0542636e-001  4.7028862e-001
  6.5736434e-001  4.1086587e-001
  9.0852713e-001  6.7232598e-001
  3.6744186e-001  9.4567063e-001
  1.7829457e-001  3.0390492e-001
  2.0930233e-001  2.3599321e-001
  6.4651163e-001  8.7606112e-001
  7.0387597e-001  4.8217317e-001
  7.4883721e-001  2.3429542e-001
  7.7364341e-001  1.5280136e-001
  8.3100775e-001  2.1561969e-001
  5.4573643e-001  1.0016978e-001
  7.8604651e-001  8.5398981e-001
  3.6434109e-001  3.7181664e-001
  8.0930233e-001  3.1069610e-001
  2.8527132e-001  1.6129032e-001
  3.3023256e-001  4.1256367e-001
  7.2093023e-001  1.5959253e-001
  3.2713178e-001  8.3701188e-001
  5.3953488e-001  9.5755518e-001
  9.4573640e-002  4.2614601e-001
  1.2558140e-001  5.1273345e-001
  1.2248062e-001  5.7724958e-001
  2.7751938e-001  8.3022071e-001
  4.3410853e-001  1.1714771e-001
  3.5658915e-001  1.1375212e-001
  5.2713178e-001  7.9796260e-002
  6.0465116e-001  5.4329370e-002
  3.9224806e-001  3.1748727e-001
  6.4031008e-001  3.7351443e-001
  5.4108527e-001  3.0730051e-001
  1.0387597e-001  5.3140917e-001
  5.5658915e-001  6.6213920e-002
  7.7519380e-001  2.2410866e-001
  6.0930233e-001  6.3837012e-001
  3.7054264e-001  3.3276740e-001
  7.2403101e-001  8.0645161e-001
  6.6511628e-001  3.7181664e-001
  7.3023256e-001  8.9643463e-001
  2.3410853e-001  8.0984720e-001
  6.9302326e-001  1.4770798e-001
  5.4263566e-001  9.1680810e-002
  8.3720930e-002  4.9405772e-001
  2.5426357e-001  2.0203735e-001
  6.5581395e-001  3.9388795e-001
  2.4341085e-001  1.5959253e-001
  7.4418605e-001  8.9643463e-001
  1.2248062e-001  5.1952462e-001
  8.6201550e-001  5.6027165e-001
  1.8604651e-001  7.6740238e-001
  3.6124031e-001  3.4634975e-001
  7.5968990e-002  4.8556876e-001
  3.4108527e-001  3.4804754e-001
  1.2558140e-001  5.1952462e-001
  5.7209302e-001  8.9473684e-001
  3.2403101e-001  4.2275042e-001
  4.9612403e-001  2.7164686e-001
  2.2790698e-001  8.3022071e-001
  4.7131783e-001  2.9202037e-001
  7.4883721e-001  2.1561969e-001
  8.0155039e-001  3.0730051e-001
  3.4108527e-001  6.3667233e-001
  6.1860465e-001  5.9422750e-002
  9.0387597e-001  3.2597623e-001
  8.6046512e-001  3.9558574e-001
  3.6899225e-001  6.2818336e-001
  1.7829457e-001  3.3276740e-001
  3.5038760e-001  1.0186757e-001
  3.6744186e-001  3.5314092e-001
  8.9922480e-002  4.3293718e-001
  4.9612403e-001  1.1884550e-001
  6.6356589e-001  6.0950764e-001
  1.4573643e-001  7.4363328e-001
  1.6744186e-001  3.4295416e-001
  8.4186047e-001  7.1646859e-001
  3.6899225e-001  8.6587436e-001
  4.8372093e-001  8.4889640e-002
  6.7441860e-001  5.8234295e-001
  6.5116279e-001  5.8064516e-001
  3.5038760e-001  6.9100170e-001
  8.6356589e-001  6.1799660e-001
  4.0155039e-001  1.3582343e-001
  7.3178295e-001  8.6247878e-001
  1.4883721e-001  4.3123939e-001
  6.1395349e-001  9.2529711e-001
  8.5581395e-001  5.5687606e-001
  8.1085271e-001  7.5551783e-001
  3.4108527e-001  4.1426146e-001
  5.8759690e-001  6.4516130e-002
  9.1162791e-001  4.3803056e-001
  6.7131783e-001  3.8709677e-001
  1.8139535e-001  7.3684211e-001
  6.3100775e-001  3.6842105e-001
  1.4573643e-001  3.5314092e-001
  5.1317829e-001  9.3039049e-001
  3.7054264e-001  6.9949066e-001
  5.9689922e-001  6.3497453e-001
  3.4263566e-001  4.0916808e-001
  5.7209302e-001  3.3276740e-001
  2.8837209e-001  8.8285230e-002
  4.1240310e-001  6.6893039e-001
  8.6666667e-001  4.0577250e-001
  5.0697674e-001  2.8522920e-001
  8.5581395e-001  7.5382003e-001
  9.0852713e-001  4.8047538e-001
  2.2325581e-001  7.9117148e-001
  4.8992248e-001  2.6825127e-001
  8.2170540e-002  4.4821732e-001
  6.4651163e-001  5.2631580e-002
  1.4573643e-001  3.0390492e-001
  7.2868217e-001  1.8845501e-001
  9.0697674e-001  3.8539898e-001
  1.2248062e-001  6.4006791e-001
  3.0697674e-001  8.8794567e-001
  4.1240310e-001  6.2139219e-001
  1.7984496e-001  7.2835314e-001
  8.3255814e-001  3.8879457e-001
  6.5116279e-001  6.6553480e-001
  2.4651163e-001  1.4431239e-001
  1.8139535e-001  2.9202037e-001
  8.5736434e-001  5.1273345e-001
  4.4496124e-001  9.1001698e-001
  6.3100775e-001  8.8115450e-001
  6.7441860e-001  4.8726655e-001
  3.2403101e-001  4.8047538e-001
  8.1395349e-001  7.4363328e-001
  1.4263566e-001  6.9949066e-001
  7.5503876e-001  7.6910017e-001
  4.8527132e-001  9.0831918e-001
  8.6046512e-001  3.0560272e-001
  5.1162791e-001  3.0560270e-002
  4.6666667e-001  2.8522920e-001
  6.7751938e-001  4.7538200e-001
  6.2635659e-001  3.5483871e-001
  9.1782946e-001  6.0271647e-001
  1.2093023e-001  6.7402377e-001
  1.9379845e-001  2.9541596e-001
  8.8372093e-001  3.9898132e-001
  6.7441860e-001  4.2444822e-001
  3.5813953e-001  7.1646859e-001
  8.4806202e-001  4.5840407e-001
  3.1782946e-001  7.0458404e-001
  5.8449612e-001  9.5076400e-002
  9.7674420e-002  3.7181664e-001
  6.8992248e-001  4.5840407e-001
  3.2248062e-001  4.8387097e-001
  6.2945736e-001  6.0101868e-001
  5.7984496e-001  1.1205433e-001
  8.8062016e-001  6.1460102e-001
  5.0697674e-001  3.0560272e-001
  1.7054264e-001  6.5874363e-001
  7.9534884e-001  1.7487267e-001
  8.2790698e-001  6.6383701e-001
  1.8139535e-001  1.8505942e-001
  5.7829457e-001  8.9983022e-001
  3.0232558e-001  4.2614601e-001
  6.4961240e-001  9.0831918e-001
  8.6201550e-001  4.5331070e-001
  4.4806202e-001  1.2393888e-001
  1.0542636e-001  5.9762309e-001
  9.1472868e-001  4.2954160e-001
  6.0155039e-001  9.3887946e-001
  6.5736434e-001  4.3293718e-001
  5.7209302e-001  3.5653650e-001
  4.0000000e-001  3.6332767e-001
  8.2170543e-001  1.8675722e-001
  7.6589147e-001  7.6570458e-001
  3.1937984e-001  1.5789474e-001
  1.4573643e-001  3.9898132e-001
  3.9689922e-001  6.9269949e-001
  2.3875969e-001  2.0713073e-001
  6.0775194e-001  5.9932088e-001
  2.4961240e-001  1.6808149e-001
  6.7286822e-001  5.8743633e-001
  4.2325581e-001  1.1375212e-001
  1.0387597e-001  4.2105263e-001
  8.2170540e-002  5.0594228e-001
  4.8992248e-001  3.2258060e-002
  7.2093023e-001  8.7606112e-001
  1.8914729e-001  2.5636672e-001
  6.1860465e-001  7.1816638e-001
  5.4108527e-001  8.9813243e-001
  6.6821705e-001  4.2784380e-001
  2.7596899e-001  9.6774190e-002
  4.0310078e-001  8.8455008e-001
  6.1395349e-001  3.2427844e-001
  6.6821705e-001  8.3191850e-002
  9.1937985e-001  6.3157895e-001
  6.2325581e-001  8.9473684e-001
  2.7751938e-001  8.1154499e-001
  6.7441860e-001  6.8081494e-001
  6.6976744e-001  3.7181664e-001
  4.7131783e-001  3.9049240e-002
  1.0852713e-001  6.3327674e-001
  1.4573643e-001  7.1986418e-001
  3.6589147e-001  3.5483871e-001
  9.1472868e-001  3.9898132e-001
  6.5581395e-001  7.4702890e-002
  4.3255814e-001  8.9303905e-001
  4.5426357e-001  2.9711375e-001
  3.9224806e-001  3.5653650e-001
  6.7286822e-001  1.3412564e-001
  9.1007752e-001  4.1595925e-001
  4.3100775e-001  9.2190153e-001
  3.1007752e-001  9.3208828e-001
  6.8217054e-001  4.3123939e-001
  8.5271318e-001  2.9881154e-001
  4.4651163e-001  3.2427844e-001
  6.0775194e-001  6.5025467e-001
  8.7286822e-001  4.4651952e-001
  4.3565891e-001  9.2190153e-001
  3.2403101e-001  8.4889643e-001
  9.4573640e-002  6.2308998e-001
  5.9534884e-001  8.1494060e-002
  5.1162791e-001  1.1544992e-001
  9.1162791e-001  5.0424448e-001
  4.2945736e-001  3.0390492e-001
  5.5813953e-001  3.1239389e-001
  5.9534884e-001  9.1511036e-001
  2.7286822e-001  8.7945671e-001
  7.5038760e-001  8.1494058e-001
  8.9147287e-001  7.0628183e-001
  3.2093023e-001  4.9405772e-001
  6.1860465e-001  5.4329370e-002
  6.8062016e-001  6.7232598e-001
  8.0155039e-001  8.2512733e-001
  2.7131783e-001  8.0645161e-001
  3.3953488e-001  1.0865874e-001
  7.4883721e-001  1.8336163e-001
  9.0232558e-001  6.2818336e-001
  3.0387597e-001  6.1969440e-001
  8.9612403e-001  5.8913413e-001
  6.0620155e-001  6.2139219e-001
  7.4418600e-002  5.8064516e-001
  2.6976744e-001  1.6468591e-001
  6.6976744e-001  6.9609510e-002
  1.8759690e-001  2.3599321e-001
  6.6511628e-001  8.7436333e-001
  2.2325581e-001  8.0475382e-001
  5.5813953e-001  9.7283531e-001
  3.1782946e-001  3.9049236e-001
  5.6899225e-001  9.0662139e-001
  8.8992248e-001  5.0254669e-001
  2.6201550e-001  8.3361630e-001
  8.0310078e-001  7.2495756e-001
  2.3875969e-001  7.6910017e-001
  8.6511628e-001  2.6315789e-001
  3.8294574e-001  6.8930390e-001
  6.4961240e-001  3.7011885e-001
  2.4496124e-001  7.8098472e-001
  3.4108527e-001  9.0492360e-001
  3.8449612e-001  6.7232598e-001
  5.7209302e-001  6.4516130e-002
  3.6744186e-001  8.6587436e-001
  9.3023260e-002  5.7555178e-001
  8.2945736e-001  7.9456706e-001
  5.2713178e-001  2.8183362e-001
  3.4418605e-001  9.3887946e-001
  4.2170543e-001  1.0186757e-001
  6.7751938e-001  8.6247878e-001
  1.9224806e-001  6.9609508e-001
  2.3875969e-001  2.0033956e-001
  5.8604651e-001  5.9422750e-002
  3.5968992e-001  6.6213922e-001
  8.3100775e-001  6.7062818e-001
  4.7596899e-001  9.4736842e-001
  1.0852713e-001  5.1103565e-001
  3.9844961e-001  3.5314092e-001
  8.1550388e-001  2.0033956e-001
  5.7519380e-001  7.8098470e-002
  8.8527132e-001  7.2495756e-001
  1.0232558e-001  6.7911715e-001
  8.7751938e-001  6.7741935e-001
  4.0465116e-001  8.9303905e-001
  1.2403101e-001  6.3157895e-001
  2.4806202e-001  8.6247878e-001
  3.0697674e-001  6.1120543e-001
  7.0542636e-001  4.8726655e-001
  3.4263566e-001  8.6587440e-002
  5.0387597e-001  2.7504244e-001
  4.2945736e-001  9.1341256e-001
  8.2945736e-001  7.7928693e-001
  1.5348837e-001  4.1935484e-001
  6.5891473e-001  3.6162988e-001
  9.6124030e-002  4.0067912e-001
  5.3488372e-001  8.9983022e-001
  6.6821705e-001  6.6723260e-001
  4.2635659e-001  3.2258060e-002
  1.8759690e-001  2.3089983e-001
  6.9922481e-001  6.5195246e-001
  6.2945736e-001  5.8404075e-001
  5.1937984e-001  9.3718166e-001
  5.4883721e-001  8.8455008e-001
  2.6666667e-001  8.5229202e-001
  2.4341085e-001  2.1392190e-001
  8.9922480e-002  3.8200340e-001
  7.7364341e-001  7.7758913e-001
  7.8294574e-001  8.0984720e-001
  3.1317829e-001  4.0577250e-001
  6.7596899e-001  8.5398981e-001
  1.0697674e-001  3.4974533e-001
  1.7054264e-001  6.9609508e-001
  5.7054264e-001  9.6095076e-001
  3.0387597e-001  6.9100170e-001
  4.9612403e-001  3.9049240e-002
  3.2403101e-001  4.8217317e-001
  8.3720930e-001  2.3938879e-001
  9.0542636e-001  4.0916808e-001
  1.4728682e-001  7.4023769e-001
  8.5426357e-001  5.3310696e-001
  8.6666667e-001  4.2105263e-001
  3.7984496e-001  4.4142610e-002
  6.4496124e-001  6.2139219e-001
  6.9147287e-001  1.2903226e-001
  7.2403101e-001  8.9134126e-001
  8.4651163e-001  4.1086587e-001
  1.1937984e-001  2.9711375e-001
  2.0775194e-001  2.3429542e-001
  2.6821705e-001  1.4261460e-001
  4.0775194e-001  3.5653650e-001
  9.0542636e-001  6.7402377e-001
  1.4108527e-001  7.4023769e-001
  3.5348837e-001  5.8913413e-001
  3.4573643e-001  6.5704584e-001
  3.7364341e-001  6.8081494e-001
  1.9844961e-001  1.5959253e-001
  6.7286822e-001  8.8624788e-001
  2.8372093e-001  9.5076400e-002
  3.5348837e-001  6.8081494e-001
  1.3953488e-001  3.5823430e-001
  1.8914729e-001  2.1731749e-001
  8.1860465e-001  7.6570458e-001
  3.4728682e-001  5.8913413e-001
  7.1627907e-001  8.9983020e-002
  3.0077519e-001  4.7877759e-001
  3.9534884e-001  3.1748727e-001
  5.1627907e-001  9.4057725e-001
  8.9767442e-001  5.9932088e-001
  6.5116279e-001  3.4465195e-001
  6.2170543e-001  3.9049236e-001
  7.3953488e-001  1.1544992e-001
  7.7519380e-002  4.6519525e-001
  3.6589147e-001  5.4329370e-002
  5.0387597e-001  1.1714771e-001
  5.7829457e-001  6.3157895e-001
  5.3333333e-001  3.2427844e-001
  7.2713178e-001  8.6926995e-001
  4.0000000e-001  5.0933790e-002
  6.8682171e-001  4.2954160e-001
  5.5348837e-001  2.8692699e-001
  7.0852713e-001  1.3582343e-001
  5.9069767e-001  9.3887946e-001
  1.4573643e-001  7.1646859e-001
  3.2868217e-001  6.5025467e-001
  1.5038760e-001  2.2920204e-001
  5.7829457e-001  3.3786078e-001
  8.9302326e-001  6.6383701e-001
  3.0697674e-001  8.7945671e-001
  3.2558140e-001  4.6859083e-001
  6.0620155e-001  2.9881154e-001
  1.5193798e-001  4.8726655e-001
  6.0155039e-001  2.9881154e-001
  1.8449612e-001  3.4295416e-001
  7.8294574e-001  2.1222411e-001
  8.6821705e-001  6.7911715e-001
  3.7829457e-001  8.1494060e-002
  3.1937984e-001  6.1969440e-001
  1.0542636e-001  4.4482173e-001
  7.3488372e-001  1.2393888e-001
  1.6124031e-001  4.0916808e-001
  9.2093023e-001  4.3972835e-001
  7.3178295e-001  8.9643463e-001
  8.8992248e-001  5.6876061e-001
  1.8294574e-001  7.4363328e-001
  5.3178295e-001  9.7623090e-001
  7.5968990e-002  4.6519525e-001
  3.4573643e-001  6.7062818e-001
  2.5271318e-001  8.0135823e-001
  2.6511628e-001  2.1901528e-001
  3.5038760e-001  3.7521222e-001
  8.8217054e-001  3.8539898e-001
  2.9147287e-001  8.9473684e-001
  6.4341085e-001  6.8760611e-001
  5.0542636e-001  9.7623090e-001
  6.2790698e-001  9.5415959e-001
  1.7674419e-001  3.6332767e-001
  5.3333333e-001  6.9609510e-002
  1.0697674e-001  6.5874363e-001
  6.4496124e-001  4.0237691e-001
  6.1550388e-001  1.2903226e-001
  4.8372093e-001  4.0747030e-002
  3.0852713e-001  6.4176570e-001
  3.3333333e-001  4.0577250e-001
  6.5426357e-001  1.4091681e-001
  3.5658915e-001  3.7521222e-001
  4.0930233e-001  6.7062818e-001
  8.4806202e-001  6.8930390e-001
  6.6046512e-001  9.1341256e-001
  7.8294574e-001  2.5636672e-001
  7.2558140e-001  8.2512733e-001
  8.2790698e-001  6.7911715e-001
  8.3410853e-001  6.8760611e-001
  8.8217054e-001  7.1986418e-001
  5.9844961e-001  5.7724960e-002
  6.5426357e-001  1.4601019e-001
  9.9224810e-002  5.4499151e-001
  3.9844961e-001  5.9762309e-001
  1.6434109e-001  7.9286927e-001
  2.8837209e-001  8.7436333e-001
  1.0542636e-001  6.7402377e-001
  6.6356589e-001  3.7181664e-001
  3.4263566e-001  8.6247878e-001
  6.8372093e-001  8.3022071e-001
  1.5038760e-001  4.2614601e-001
  8.7906977e-001  6.8081494e-001
  1.6124031e-001  3.7351443e-001
  6.0620155e-001  3.0390492e-001
  8.9302326e-001  5.2631579e-001
  1.2558140e-001  5.1443124e-001
  8.4186047e-001  3.8879457e-001
  5.9534884e-001  3.9049240e-002
  1.3488372e-001  4.8047538e-001
  3.8294574e-001  7.1137521e-001
  4.0000000e-001  3.0390492e-001
  2.8217054e-001  9.0322581e-001
  4.0310078e-001  6.8251273e-001
  3.1007752e-001  8.5738540e-001
  8.5736434e-001  7.0797963e-001
  3.0387597e-001  8.5738540e-001
  5.9689922e-001  9.3378608e-001
  6.5891473e-001  9.2020373e-001
  3.7829457e-001  8.6247878e-001
  6.2945736e-001  3.7860781e-001
  8.5891473e-001  7.3174873e-001
  8.9457364e-001  6.6213922e-001
  6.5271318e-001  3.8539898e-001
  1.8604651e-001  6.7741935e-001
  8.4186047e-001  6.9439728e-001
  5.9534884e-001  3.6502547e-001
  6.8682171e-001  1.6468591e-001
  6.4496124e-001  8.1494060e-002
  7.3643411e-001  8.4040747e-001
  4.0775194e-001  8.4889640e-002
  3.3953488e-001  9.2359932e-001
  1.1627907e-001  5.9422750e-001
  8.6821710e-002  4.7028862e-001
  3.5813953e-001  9.5076400e-002
  6.9147287e-001  1.5789474e-001
  5.6744186e-001  7.4702890e-002
  8.0930233e-001  8.1494058e-001
  3.5658915e-001  3.2597623e-001
  8.6356589e-001  3.4465195e-001
  1.7364341e-001  3.3616299e-001
  1.5658915e-001  7.6910017e-001
  7.5968992e-001  1.2563667e-001
  2.5116279e-001  2.3259762e-001
  3.4883721e-001  6.1629881e-001
  9.1162791e-001  5.9762309e-001
  1.3023256e-001  7.3684211e-001
  1.4108527e-001  6.1969440e-001
  5.6589147e-001  1.0356537e-001
  5.7519380e-001  3.1069610e-001
  6.5581395e-001  7.9796260e-002
  8.1395349e-001  2.0713073e-001
  1.6899225e-001  6.7741935e-001
  1.3643411e-001  3.9728353e-001
  1.5813953e-001  2.9032258e-001
  4.0930233e-001  6.4516129e-001
  5.3333333e-001  9.5925297e-001
  8.8682171e-001  2.8013582e-001
  4.7906977e-001  9.1680815e-001
  3.1007752e-001  1.1375212e-001
  1.3798450e-001  4.5500849e-001
  9.1007752e-001  5.1103565e-001
  5.7829457e-001  9.6604414e-001
  4.9302326e-001  2.7674024e-001
  7.7674419e-001  8.0305603e-001
  6.0465116e-001  6.8930390e-001
  1.4728682e-001  5.2122241e-001
  8.8062016e-001  5.2461800e-001
  8.6356589e-001  2.5127334e-001
  5.7674419e-001  5.4329370e-002
  6.3255814e-001  8.6587440e-002
  6.0620155e-001  7.0288625e-001
  2.4186047e-001  8.6417657e-001
  5.8914729e-001  6.6723260e-001
  2.0620155e-001  7.6910017e-001
  9.0077519e-001  5.3989813e-001
  7.2868217e-001  1.0865874e-001
  6.7131783e-001  7.6400680e-002
  5.6744186e-001  3.0560272e-001
  6.2635659e-001  8.8964346e-001
  8.6666667e-001  2.8013582e-001
  2.0620155e-001  7.5042445e-001
  1.5348837e-001  5.9252971e-001
  2.8682171e-001  8.8964346e-001
  7.0387597e-001  4.7368421e-001
  8.2170543e-001  8.0475382e-001
  5.3023256e-001  8.1494060e-002
  5.5968992e-001  3.3786078e-001
  3.1627907e-001  9.5076400e-002
  8.5271320e-002  4.1426146e-001
  3.5348837e-001  3.4974533e-001
  8.3255814e-001  2.4108659e-001
  4.8217054e-001  8.6587440e-002
  3.6744186e-001  1.4261460e-001
  9.9224810e-002  3.4125637e-001
  6.1240310e-001  3.8539898e-001
  2.5581395e-001  1.6468591e-001
  6.6046512e-001  8.6587440e-002
  7.1937984e-001  8.6417657e-001
  3.9379845e-001  6.7911710e-002
  3.5038760e-001  3.3786078e-001
  4.8372093e-001  2.7164686e-001
  1.1007752e-001  7.0628183e-001
  5.2248062e-001  9.6264856e-001
  8.8372090e-002  5.9762309e-001
  8.6046512e-001  2.8862479e-001
  3.3488372e-001  3.8030560e-001
  1.6899225e-001  7.2495756e-001
  2.9767442e-001  8.4550085e-001
  5.8449612e-001  6.9100170e-001
  8.3875969e-001  6.0271647e-001
  6.2480620e-001  9.6774190e-002
  2.7596899e-001  8.9473684e-001
  1.4728682e-001  5.0933786e-001
  5.6899225e-001  4.9235990e-002
  1.1627907e-001  3.1409168e-001
  2.6356589e-001  1.2563667e-001
  6.0155039e-001  6.1799660e-001
  1.3333333e-001  4.7877759e-001
  5.1162791e-001  9.4227504e-001
  7.0542636e-001  4.8387097e-001
  2.2790698e-001  8.2852292e-001
  3.1162791e-001  1.6468591e-001
  3.2868217e-001  7.0797963e-001
