  3.3773314e-001  8.4569383e-001  4.2154523e-001
  1.6046544e-001  9.0410880e-001  4.1502124e-001
  3.9447809e-001  8.3584845e-001  5.0989679e-001
  1.9694278e-001  8.0776507e-001  5.2673928e-001
  1.8816067e-001  6.3652219e-001  6.3236016e-001
  1.1577672e-001  8.0639991e-001  4.0364253e-001
  2.0275400e-001  8.2419078e-001  5.3297359e-001
  1.6714264e-001  7.9074615e-001  5.0903213e-001
  2.4371471e-001  7.3075336e-001  5.2938675e-001
  1.8445748e-001  7.0784914e-001  4.5701171e-001
  6.3498324e-002  9.2963958e-001  5.4640719e-001
  6.4489828e-002  7.9804197e-001  5.2699614e-001
  2.8874642e-001  8.4099426e-001  4.0471913e-001
  7.9760088e-002  7.1271103e-001  4.7442650e-001
  2.5359151e-001  7.9353078e-001  5.4491366e-001
  2.9929603e-001  7.3366421e-001  3.8538206e-001
  3.0930069e-002  7.7339030e-001  6.0588962e-001
  1.2077782e-001  8.4107046e-001  4.6787322e-001
  2.0129485e-001  9.2461802e-001  5.6030980e-001
  1.8796593e-001  8.1168572e-001  5.8212184e-001
  1.4122855e-001  7.6875881e-001  5.8643252e-001
  1.2849073e-002  9.0615684e-001  5.1377030e-001
  1.9757945e-001  8.3472960e-001  6.0294365e-001
  4.4412452e-001  6.5987283e-001  4.7338981e-001
  2.0852746e-001  9.3618932e-001  3.5166431e-001
  1.9228348e-001  8.4996131e-001  3.6420186e-001
  2.5214525e-001  6.8115346e-001  6.7927302e-001
  2.1046254e-001  8.3740349e-001  5.5093720e-001
  1.0848998e-001  8.2143317e-001  5.2520730e-001
  1.3349530e-001  8.5672490e-001  6.4407387e-001
  3.3971017e-001  6.1856097e-001  5.7333628e-001
  3.0620157e-001  8.4995151e-001  6.2950912e-001
  3.2759282e-001  7.3015596e-001  5.4356845e-001
  1.5633972e-001  8.4961157e-001  3.3974358e-001
  2.4621334e-001  7.8188296e-001  5.0853007e-001
  1.6228804e-001  6.2367821e-001  5.2748467e-001
  1.3362955e-001  7.7370718e-001  4.9006990e-001
  4.6587442e-001  7.9031258e-001  4.1305547e-001
  2.5548592e-001  8.0320729e-001  4.3868441e-001
  1.9361688e-001  8.8327728e-001  4.5203327e-001
  7.6625305e-002  6.4072389e-001  3.1017310e-001
  8.1258456e-002  6.4804645e-001  4.7212402e-001
  3.0957976e-001  7.8244635e-001  3.8866012e-001
  2.0544545e-001  7.2093239e-001  5.3643311e-001
  5.6771247e-002  9.1292133e-001  3.4975382e-001
  1.3695607e-001  8.1698399e-001  6.2286298e-001
  1.7167447e-001  8.5762533e-001  4.2113091e-001
  3.8113859e-001  8.2245803e-001  5.1573034e-001
  3.6307927e-002  8.0008735e-001  4.9425593e-001
  2.7698654e-001  8.6089355e-001  4.0475697e-001
  2.3036035e-001  7.7101308e-001  4.3717633e-001
  2.5961932e-001  8.5678616e-001  4.2383928e-001
  3.7239071e-001  9.3596255e-001  5.9421195e-001
  2.1553274e-002  7.6035496e-001  6.8334461e-001
  2.1649725e-001  8.0978724e-001  3.2855890e-001
  2.6778464e-001  8.6278063e-001  2.8861373e-001
  4.1858681e-001  7.7905847e-001  4.2184766e-001
  2.5288924e-001  8.0833172e-001  4.0437722e-001
  1.1420392e-001  8.4001055e-001  3.7215931e-001
  2.0443241e-001  7.1321707e-001  4.9059387e-001
  3.6357085e-001  7.8583982e-001  3.1030251e-001
  4.4536698e-001  7.0646553e-001  4.3968099e-001
  2.0580053e-001  8.1524132e-001  5.0856766e-001
  1.4951794e-001  8.3562258e-001  5.2414770e-001
  2.1321608e-001  8.9853996e-001  5.1887604e-001
  1.1784825e-001  7.7250907e-001  4.8505557e-001
  2.2211241e-001  9.3542320e-001  5.0268583e-001
  5.3581581e-001  7.7596872e-001  5.3607590e-001
  1.5361245e-001  7.4946319e-001  4.9204770e-001
  3.1738084e-001  7.2206414e-001  5.0467794e-001
  1.6543819e-001  6.0859913e-001  4.1929520e-001
  1.2625458e-001  7.8708498e-001  4.6355498e-001
  2.0966878e-001  7.6617641e-001  5.6635292e-001
  2.7221110e-001  6.7174407e-001  4.4654178e-001
  1.4992090e-001  8.5125676e-001  5.0950561e-001
  2.3417399e-001  7.4612995e-001  6.0986373e-001
  1.1636488e-001  9.1876506e-001  4.8926837e-001
  1.3736081e-001  8.6544612e-001  4.2099453e-001
  8.4564700e-002  7.8263897e-001  7.5407682e-001
  6.6981695e-002  8.6712411e-001  7.1192528e-001
  2.4401189e-001  8.6607505e-001  5.7302930e-001
  1.7594938e-002  8.4646352e-001  3.6377262e-001
  2.9221240e-001  7.6631243e-001  5.6891022e-001
  4.8838875e-002  8.2920766e-001  5.2488615e-001
  1.5164467e-001  6.5105065e-001  8.1287541e-001
  2.1106458e-001  7.6303196e-001  3.6303286e-001
  2.2364708e-001  8.0576899e-001  7.3019613e-001
  2.8945810e-002  6.1024028e-001  5.5848872e-001
  9.5026793e-002  9.0486917e-001  4.6891989e-001
  8.4666056e-002  8.5128020e-001  6.1167772e-001
  2.6701426e-001  8.2672003e-001  6.1760562e-001
  2.7857917e-001  8.4678517e-001  4.5532185e-001
  2.4295625e-001  8.1169863e-001  3.9886250e-001
  2.5893761e-001  8.7595988e-001  4.5570842e-001
  1.6135941e-001  6.8833701e-001  5.1277957e-001
  1.2009119e-001  8.1900145e-001  4.0748054e-001
  2.9042843e-001  6.3135398e-001  5.6980541e-001
  1.1665348e-001  8.6909581e-001  4.4330397e-001
  2.8310582e-001  7.5908388e-001  5.0135519e-001
  2.4522533e-001  7.8542803e-001  5.0484110e-001
  1.7904838e-001  9.1114596e-001  4.4166685e-001
  1.9093760e-001  6.1804922e-001  1.6645113e-001
  2.0777551e-001  8.4627013e-001  6.4858416e-001
  2.7150293e-001  8.0594026e-001  5.5057005e-001
  6.2167450e-002  8.0417066e-001  6.6063386e-001
  1.0309154e-001  7.2652403e-001  3.2655776e-001
  1.9505643e-001  7.6234303e-001  5.0323742e-001
  2.3450620e-001  8.4671509e-001  5.3626228e-001
  1.6987795e-001  8.8758972e-001  4.0983154e-001
  3.6408765e-001  7.5407514e-001  5.5719279e-001
  1.8119119e-001  8.3103479e-001  4.1486163e-001
  2.4365313e-001  7.7619970e-001  5.1118221e-001
  9.1367559e-002  8.3251789e-001  6.0100295e-001
  7.2719953e-002  7.8728404e-001  5.3175377e-001
 -1.5124232e-003  9.3878355e-001  6.4757835e-001
  1.2278759e-001  8.8672426e-001  2.3661844e-001
  1.7708994e-001  8.0937068e-001  5.8373787e-001
  2.5077915e-001  8.5259484e-001  4.9019893e-001
  2.5403518e-002  7.3239709e-001  5.4096948e-001
 -7.0530077e-002  8.6805572e-001  2.9486752e-001
  3.7590533e-002  8.9290964e-001  7.4916316e-001
 -1.8567612e-002  7.2930199e-001  4.3729426e-001
  1.7809653e-001  9.7317388e-001  2.9397991e-001
  6.8332613e-002  7.1005363e-001  3.9001705e-001
  2.9891055e-001  8.0619387e-001  5.6526211e-001
  3.6350720e-001  7.5792305e-001  5.8115439e-001
  4.2761142e-002  1.0311511e+000  5.1564633e-001
  5.6251698e-002  7.3093918e-001  5.1085943e-001
  2.7888087e-001  6.6977649e-001  4.3565910e-001
  1.3457409e-001  8.1834687e-001  5.7896230e-001
  1.3291999e-001  8.4966575e-001  4.6008701e-001
  1.9584341e-001  7.1651390e-001  5.7387787e-001
  2.4651998e-001  8.1106826e-001  4.4969185e-001
 -2.3925951e-001  8.2013916e-001  4.2016266e-001
  2.0819561e-001  7.9115331e-001  4.8507007e-001
  1.7928531e-001  9.0289952e-001  5.5894316e-001
  6.3501170e-002  6.5090604e-001  4.5958887e-001
  2.7503747e-001  8.6458524e-001  4.6019910e-001
  1.5998757e-001  9.4995321e-001  5.1645846e-001
  2.3554172e-001  8.7717548e-001  3.7621590e-001
  2.2931451e-001  7.8646726e-001  4.8427578e-001
  4.3687398e-001  6.7997084e-001  6.1705298e-001
  2.5147611e-001  7.6700685e-001  4.5273049e-001
  2.5668614e-001  7.5698595e-001  5.9052406e-001
  1.9486377e-001  7.8233787e-001  4.9105228e-001
  3.6186373e-001  6.8480169e-001  5.1402990e-001
  1.8063320e-001  7.5293172e-001  6.0541150e-001
  2.9680189e-001  9.2851158e-001  5.1708534e-001
  4.7122508e-002  8.8776499e-001  6.5983373e-001
  2.4779512e-001  8.0497257e-001  4.3737120e-001
  3.4962247e-001  9.0725185e-001  5.8404700e-001
  2.8887758e-001  6.7298082e-001  4.9664502e-001
  2.1535650e-001  7.4447056e-001  5.1474033e-001
  1.0047281e-001  8.4722788e-001  5.7159124e-001
  6.3221542e-002  9.4067949e-001  6.9744680e-001
  3.9314583e-001  8.5800866e-001  6.0425858e-001
  2.9830542e-001  9.2728324e-001  4.5053424e-001
  2.6855848e-001  8.1146800e-001  6.2280744e-001
  3.0058720e-001  9.1186121e-001  4.8926661e-001
  2.1418957e-001  8.4974924e-001  4.4602109e-001
  1.7435524e-001  6.8664709e-001  5.0641793e-001
  2.6396647e-001  7.7301310e-001  4.2257376e-001
  1.1721334e-001  7.7750998e-001  4.5604465e-001
  1.5005362e-002  8.0676768e-001  3.8760169e-001
  3.8967301e-002  8.7624904e-001  6.3032720e-001
  1.2210907e-001  8.5298626e-001  4.4920998e-001
 -4.9673169e-004  1.0181310e+000  4.5859803e-001
  2.2505990e-001  7.3064105e-001  5.3762236e-001
  1.1719202e-001  9.2252901e-001  5.1501236e-001
  1.4262459e-001  7.7461871e-001  5.5420324e-001
  2.0011830e-001  8.7540463e-001  5.3827943e-001
  1.2535320e-001  7.4648443e-001  4.4724246e-001
  2.0871667e-001  9.1359449e-001  6.0381435e-001
  2.1505463e-001  7.7236906e-001  5.4728113e-001
  2.3577891e-001  8.8514662e-001  3.4495784e-001
  3.4823282e-001  9.0993895e-001  3.3657946e-001
  3.5366030e-001  7.0335983e-001  4.0314473e-001
  3.2131079e-001  7.6376784e-001  6.1887691e-001
  2.9670327e-001  7.4240094e-001  4.7595440e-001
  7.1311330e-002  8.7127440e-001  5.1590575e-001
  1.5050327e-001  8.5249032e-001  4.3813782e-001
  2.9297811e-001  7.5987242e-001  4.4944672e-001
  4.8581300e-002  1.0161560e+000  4.5052069e-001
  1.8721102e-001  6.5391769e-001  3.2257208e-001
  9.7548049e-002  8.3751259e-001  4.3216564e-001
  2.4084088e-001  8.7422650e-001  5.4882940e-001
  1.0211802e-001  7.7191579e-001  5.3782101e-001
  7.6539998e-002  7.7224160e-001  5.1275685e-001
  1.2745282e-001  8.1470088e-001  4.6140234e-001
  1.8227198e-001  7.9888481e-001  4.8592276e-001
  2.3905363e-001  8.3582266e-001  5.6015075e-001
  1.0253578e-001  7.0597174e-001  5.3126394e-001
  1.4449930e-001  8.9028549e-001  3.6997013e-001
  3.1603715e-001  8.1171033e-001  5.0844430e-001
  2.4555407e-001  6.9461260e-001  6.3962784e-001
  3.2069567e-001  8.2062719e-001  3.7438993e-001
  1.3950398e-001  7.9407730e-001  5.8331510e-001
  1.9867688e-001  9.2663993e-001  2.8822300e-001
  8.4059233e-002  7.9711134e-001  4.9044658e-001
  1.6357543e-001  7.3505261e-001  7.1238065e-001
  2.1444696e-001  8.0467319e-001  5.1716501e-001
  2.4616149e-001  7.9805094e-001  3.5283115e-001
  3.4407164e-001  8.6306250e-001  4.4291615e-001
  2.8497093e-001  7.1342664e-001  4.6271063e-001
  2.9949585e-001  8.6398969e-001  5.2997730e-001
  3.6611447e-002  9.0820212e-001  6.1338550e-001
  3.1466172e-001  8.6883826e-001  6.0750007e-001
  4.3371021e-001  8.4948005e-001  5.7316970e-001
  1.7312358e-002  8.4759719e-001  4.9872275e-001
  5.5933971e-002  6.9349251e-001  7.6704447e-001
  2.0459344e-001  5.8085011e-001  2.7174777e-001
  2.0129785e-001  8.5026052e-001  6.1667129e-001
  1.8587260e-001  7.4650999e-001  5.2074107e-001
  2.6646368e-001  8.6528242e-001  5.3548876e-001
  2.2947251e-001  7.8260657e-001  3.3573527e-001
  1.4157882e-001  8.0906820e-001  5.4884870e-001
  1.9704335e-001  8.6088564e-001  5.7488447e-001
  2.3761780e-001  7.3073965e-001  4.4572381e-001
  2.9585832e-001  8.2278359e-001  5.7640716e-001
  2.6056803e-001  7.7405291e-001  4.1994498e-001
  3.0230170e-001  7.8280168e-001  3.8063493e-001
  1.7697608e-001  7.5294013e-001  4.0719151e-001
  2.8694901e-001  9.3302554e-001  4.7554006e-001
  3.2933668e-001  7.4049596e-001  3.5551086e-001
  3.1259927e-001  7.6016077e-001  5.4633637e-001
  2.8553019e-001  7.7219624e-001  6.1147671e-001
  3.1108106e-001  6.6961977e-001  6.2729857e-001
  2.0628395e-001  7.0305218e-001  4.9027647e-001
  2.8170153e-001  8.3294589e-001  4.1631319e-001
  9.1857426e-002  8.0483099e-001  5.5624175e-001
  1.6065536e-001  6.9371524e-001  4.7012113e-001
  1.8343494e-001  7.3829745e-001  6.3353141e-001
  2.6318953e-001  8.2689897e-001  7.8852888e-001
  1.7809217e-001  8.6973942e-001  5.9771374e-001
  1.8390318e-001  8.5021158e-001  4.8961261e-001
  3.5881582e-001  8.6240578e-001  4.8781692e-001
  2.7868908e-001  8.6740734e-001  4.8989847e-001
  6.9855401e-002  7.7819180e-001  5.5441800e-001
  1.9425335e-001  8.9976469e-001  4.7810478e-001
  2.8302611e-001  7.6453737e-001  5.7184441e-001
  2.3510598e-001  7.8234400e-001  6.4470816e-001
  2.9302400e-001  8.8962197e-001  5.0237328e-001
  4.7246734e-001  7.7191908e-001  5.0039998e-001
  1.0048858e-002  8.1603963e-001  3.4918208e-001
  1.7899852e-001  8.7133563e-001  4.7871701e-001
  1.1624166e-001  8.7583713e-001  4.6703645e-001
  2.5505771e-001  7.1164895e-001  4.0751210e-001
  2.1613924e-001  7.6467134e-001  6.4768669e-001
  3.4985672e-001  8.1274220e-001  3.3616860e-001
  2.0945032e-001  8.4695098e-001  5.4682910e-001
  2.5749294e-001  8.7118540e-001  5.0119087e-001
  3.4914888e-001  7.1783346e-001  5.6129662e-001
  9.1075447e-002  6.5359637e-001  4.1737239e-001
  2.5776800e-001  8.2937728e-001  5.4765826e-001
  2.0980552e-001  8.0678117e-001  3.8629740e-001
  2.7483757e-001  9.2381326e-001  5.5645543e-001
  2.0181019e-001  8.1340207e-001  1.9963913e-001
  1.3174769e-001  8.8657487e-001  5.8086379e-001
  1.0231657e-001  7.4590888e-001  4.9244829e-001
  2.8162794e-001  8.0024699e-001  3.4439870e-001
  8.4906272e-002  8.5652895e-001  6.0132237e-001
  2.0533510e-001  8.1455563e-001  5.2098253e-001
  9.9106095e-002  7.3503644e-001  4.7435828e-001
  2.0795945e-001  8.4142919e-001  5.6050242e-001
  2.0625095e-001  8.0715893e-001  4.4055148e-001
  1.6453681e-001  8.2537382e-001  5.8259027e-001
  1.9115111e-001  8.9433341e-001  4.4995552e-001
  2.0600276e-001  8.7085017e-001  5.3661556e-001
  2.8882471e-001  7.3410051e-001  5.9932287e-001
  1.3488835e-001  5.6612877e-001  6.5142058e-001
  8.9868530e-002  6.6873158e-001  4.5202073e-001
  1.2484543e-001  9.4022483e-001  6.1867407e-001
  3.1518581e-001  7.9714749e-001  5.6186881e-001
  3.2554834e-001  7.4761591e-001  4.9112468e-001
  1.8614122e-001  7.3774002e-001  4.8698185e-001
  5.2359125e-002  8.6271348e-001  4.3659986e-001
  1.1351054e-001  9.2098724e-001  4.9147819e-001
  3.0935508e-001  7.3721731e-001  5.5940670e-001
  1.3095409e-001  7.8738475e-001  4.7383115e-001
  3.5846740e-001  7.2377212e-001  4.1947812e-001
  1.3644814e-001  7.4320756e-001  5.4377163e-001
  1.8042782e-001  7.9899282e-001  6.0838879e-001
  2.3943603e-001  7.1776292e-001  5.5224232e-001
  2.6341909e-001  8.8186467e-001  5.2347239e-001
  1.0989081e-001  9.1761094e-001  4.5338208e-001
  1.1956436e-001  7.7161817e-001  6.1692227e-001
  1.7603375e-001  7.4071780e-001  5.9491904e-001
  1.2484424e-001  7.1093259e-001  5.9019745e-001
  2.0590670e-001  8.7652893e-001  5.8698940e-001
  2.1929041e-001  7.6936077e-001  3.3524185e-001
  1.5003254e-001  7.8710204e-001  4.4580945e-001
  1.1763597e-001  6.5380729e-001  3.7308681e-001
  2.1708962e-001  7.6110956e-001  5.2205797e-001
  1.7695894e-001  7.7317162e-001  4.1638491e-001
  1.9303558e-001  8.7357732e-001  4.6308830e-001
  1.6070983e-001  9.0931927e-001  4.5721910e-001
  8.9296274e-002  7.9688176e-001  5.9158367e-001
  1.3840273e-001  7.4357422e-001  4.8671384e-001
  1.8675275e-001  6.6114130e-001  6.1718181e-001
  1.9165560e-001  7.5324036e-001  5.9445821e-001
  1.9742367e-001  6.9662658e-001  4.5176405e-001
  2.6338101e-001  8.6012915e-001  6.5788997e-001
 -3.3206494e-002  9.1648347e-001  5.6776496e-001
  1.6689175e-001  7.9297090e-001  2.2512484e-001
  1.8586423e-001  8.5337654e-001  4.8642050e-001
  5.7902306e-002  7.2929779e-001  6.4888945e-001
  1.8467755e-001  6.9434386e-001  5.2389730e-001
  5.6438812e-002  8.8939842e-001  5.8261363e-001
  4.0734998e-002  7.5603794e-001  6.5506560e-001
  1.6391536e-001  8.7562489e-001  4.9419800e-001
  4.2614817e-001  7.6189765e-001  5.1753266e-001
  3.1261085e-001  8.1031666e-001  7.5028706e-001
  2.1744914e-001  7.4589053e-001  4.5768270e-001
  2.9148512e-001  7.6009099e-001  5.6275991e-001
  7.4215551e-002  7.2541082e-001  4.6945643e-001
  5.5907253e-002  7.6757183e-001  5.3435982e-001
  2.1218009e-001  6.8399996e-001  6.1554990e-001
  1.9541202e-001  8.9030505e-001  6.4411409e-001
  1.8785191e-001  9.0569691e-001  3.6243247e-001
  3.7407330e-001  8.8959369e-001  6.2792241e-001
  1.2686843e-001  6.8349881e-001  3.5205666e-001
  2.4364776e-001  7.8575840e-001  5.7214902e-001
  2.7119760e-001  7.4887142e-001  5.0867256e-001
 -2.9682621e-002  7.5551288e-001  5.3025464e-001
  2.9568308e-001  7.4859446e-001  3.9048861e-001
  2.8590605e-001  8.0449027e-001  4.6682496e-001
  9.8646323e-002  7.6329904e-001  5.9941690e-001
  6.4666245e-002  7.5551564e-001  5.4741008e-001
  9.2800122e-002  8.8555175e-001  6.9019312e-001
  1.0784834e-001  9.9454148e-001  5.3169042e-001
  2.4197668e-002  7.4960700e-001  5.2168885e-001
  1.3475302e-001  8.1535373e-001  6.6439332e-001
  9.6663760e-002  8.1282709e-001  5.0023632e-001
  1.7834446e-001  7.6496934e-001  3.4196725e-001
  3.5813857e-001  8.0586729e-001  6.9015430e-001
  7.3399871e-002  7.4940896e-001  6.2612721e-001
  1.4790442e-001  7.5133074e-001  6.3939415e-001
  4.2845503e-001  6.9713720e-001  5.3087834e-001
  3.3456664e-001  9.0016260e-001  4.9672357e-001
  2.6521615e-001  9.4137600e-001  6.0317365e-001
  1.9790977e-001  5.9763109e-001  5.2407554e-001
  1.9921051e-001  6.7950630e-001  4.4197094e-001
  2.1970522e-001  8.3138760e-001  5.9311663e-001
  3.2044797e-001  7.9158972e-001  3.5460077e-001
  2.2482303e-001  7.6371197e-001  5.3284680e-001
  2.3695096e-001  7.6127202e-001  4.8332630e-001
  9.9435043e-002  8.3938075e-001  5.5292188e-001
  2.4190457e-001  9.5147290e-001  5.3296646e-001
  3.0561769e-001  9.4489608e-001  6.3261532e-001
  1.4372436e-001  6.7930518e-001  5.7863363e-001
  2.9741355e-001  8.1330622e-001  3.6282439e-001
 -6.3682271e-003  8.0478077e-001  5.8459550e-001
  1.6783641e-001  8.4685748e-001  5.3176383e-001
  9.0942183e-002  8.1330881e-001  5.5769734e-001
  1.3090493e-001  8.4527586e-001  4.5720481e-001
  6.2444978e-002  7.7226734e-001  6.3317788e-001
  7.7706805e-002  6.5315603e-001  6.0105538e-001
  3.7896907e-001  8.0076986e-001  6.8275111e-001
  1.7630154e-001  8.0800984e-001  6.0210307e-001
  1.8248112e-001  7.3448468e-001  4.8129683e-001
  3.7091931e-001  8.4936830e-001  3.7063314e-001
  1.2584615e-001  8.1582009e-001  4.3551526e-001
  1.7758961e-001  8.9145319e-001  5.9516957e-001
  3.4099738e-001  8.4116643e-001  5.3388847e-001
  1.5183747e-001  6.6271308e-001  4.6903641e-001
  2.7958761e-001  7.2705747e-001  5.2228080e-001
  8.2109075e-002  7.8717843e-001  3.7956598e-001
  1.5648502e-001  7.4022201e-001  5.7751620e-001
  1.1413773e-001  7.9869114e-001  6.0248477e-001
  2.7996670e-002  9.4163376e-001  5.0086444e-001
  5.9210009e-002  8.4224083e-001  6.5840505e-001
  1.7747497e-001  8.1700418e-001  4.6736858e-001
  2.6022399e-001  8.7509490e-001  4.4447980e-001
  2.4106351e-001  7.1351072e-001  3.3454352e-001
  1.1820591e-001  8.8724300e-001  5.8042132e-001
  1.4791694e-001  7.0141300e-001  5.5480925e-001
  1.7238681e-001  8.1653742e-001  3.7322659e-001
  2.0872201e-001  6.4365381e-001  4.2212298e-001
  9.6028545e-002  7.0959274e-001  5.5105760e-001
  9.3773377e-002  6.9200769e-001  5.5010752e-001
  2.1462083e-001  7.3472733e-001  5.0614861e-001
  1.3776227e-001  8.0246947e-001  6.6481089e-001
  1.4753267e-001  8.0172481e-001  3.1149766e-001
  4.0018843e-002  7.6831009e-001  6.0330447e-001
  1.1776178e-001  8.3503084e-001  4.7783221e-001
  2.4625625e-001  8.0311230e-001  4.8626090e-001
  2.9058136e-001  5.7195142e-001  4.0185787e-001
  1.3633762e-001  7.7878653e-001  3.6981836e-001
  1.1768407e-001  1.0248864e+000  4.2479565e-001
  4.7071353e-001  6.9718198e-001  3.7261902e-001
  1.7117237e-001  7.6591933e-001  5.7077812e-001
  9.9296068e-002  6.2624355e-001  6.4553589e-001
  2.4877711e-001  8.0483038e-001  5.6753905e-001
  2.1078959e-001  7.2310269e-001  3.5095375e-001
  2.8602339e-001  7.5461528e-001  5.4564322e-001
  2.9722196e-001  8.7824522e-001  7.1046419e-001
  2.9210913e-001  8.5057943e-001  4.2977711e-001
  3.0273102e-001  8.5355991e-001  5.2178584e-001
  3.0001349e-001  7.4917462e-001  5.9858594e-001
  7.9893485e-002  9.2417012e-001  3.1295086e-001
  1.3398886e+000  2.4954253e-001  1.4942129e-001
  1.0087737e+000  4.4854595e-001  5.2953999e-002
  5.7521080e-001  3.4971583e-001  3.6919102e-001
  8.5125305e-001  3.7675087e-001  1.2938739e-001
  7.6159260e-001  5.3117881e-001 -1.6984160e-002
  1.6194863e-001  5.7452813e-001  1.3256165e-001
  7.7541736e-001  4.5434050e-001  1.5477707e-001
  9.2093362e-001  3.1325207e-001  2.3348702e-001
  1.2891206e+000  4.2259342e-001  4.9961078e-001
  1.2435288e+000  4.8785928e-001  2.8709379e-001
  1.0606759e+000  3.2757153e-001  1.0080827e-001
  7.6316914e-001  4.3475503e-001  1.1300387e-002
  9.3848456e-001  4.4723079e-001  4.8110104e-002
  5.8181772e-001  3.5612588e-001 -1.0675384e-001
  8.0333870e-001  2.9329616e-001  3.3175740e-002
  1.1694231e+000  4.0575320e-001  8.3682935e-002
  8.0291955e-001  2.5764965e-001  1.1836309e-002
  7.4740494e-001  3.0301622e-001  9.4277750e-002
  5.8055125e-001  2.8409459e-001  1.5549158e-001
  1.1017806e+000  5.4018118e-001  8.6855684e-002
  9.5952766e-001  2.6682801e-001  1.9974499e-001
  8.2764070e-001  3.9446327e-001  1.8537998e-001
  7.7676478e-001  3.5739029e-001 -5.2033995e-003
  6.6039196e-001  3.4521982e-001  2.1577238e-001
  5.9001111e-001  3.3440838e-001  1.7057497e-001
  1.0219753e+000  4.1371632e-001  1.8180204e-001
  1.3199701e+000  4.3408895e-001  3.8977386e-001
  9.3934901e-001  4.3512366e-001  2.9948735e-001
  4.9775560e-001  4.3618589e-001  1.3078486e-001
  4.9417693e-001  3.9753611e-001  1.5344455e-001
  1.0263657e+000  3.1120927e-001  6.7205114e-002
  9.0252836e-001  4.0850673e-001  1.6928102e-001
  7.7038369e-001  5.4041626e-001  1.7898858e-001
  1.0779695e+000  3.0183093e-001  3.8543349e-001
  5.5425853e-001  4.1411602e-001  5.0199546e-001
  6.5466400e-001  3.7127967e-001  2.6039827e-001
  8.9986326e-001  3.4692262e-001  3.6421805e-002
  8.4622868e-001  4.2700892e-001  1.9016080e-001
  3.4613444e-001  3.1983840e-001  3.3939289e-001
  1.0022253e+000  2.6500494e-001  5.7386695e-002
  8.9674651e-001  5.2507578e-001  3.8803888e-001
  5.7961540e-001  4.9554457e-001  2.7070403e-001
  4.8847426e-001  4.8944423e-001  2.7319445e-001
  7.2528360e-001  3.1526992e-001  3.1969111e-001
  1.0464691e+000  2.8123540e-001  3.9630452e-001
  8.9398947e-001  3.4857769e-001 -2.7259539e-002
  5.4088001e-001  3.3591949e-001  1.4263082e-001
  8.7530183e-001  4.3759463e-001  3.2032450e-001
  6.9729042e-001  4.4054723e-001  1.5419842e-001
  9.2760905e-001  2.3990908e-001  2.6895606e-001
  5.7079829e-001  3.3952149e-001  2.1587985e-001
  7.2837148e-001  4.8526844e-001  3.2315782e-001
  7.9840954e-001  3.2295183e-001 -4.2422061e-003
  9.4094901e-001  4.5123483e-001  2.1716955e-001
  7.4941934e-001  4.5745197e-001  2.1065125e-001
  1.3984363e+000  3.9407037e-001  3.3470916e-001
  4.8735429e-001  3.1946822e-001  3.1339447e-002
  7.4434011e-001  4.4747957e-001  2.1851044e-001
  2.1279240e-001  2.6688536e-001  2.1284367e-001
  6.3816475e-001  4.1553615e-001 -1.0654037e-002
  9.6957568e-001  3.0823608e-001  1.3577898e-001
  1.2868818e-001  1.7205379e-001  5.0973633e-001
  6.8951219e-001  1.9665217e-001  9.4664046e-002
  7.1269527e-001  5.2081253e-001  4.8961352e-002
  1.1413391e+000  2.6934997e-001  5.5896886e-002
  9.8473649e-001  5.1160343e-001  5.1356978e-001
  1.1235989e+000  4.3457609e-001  2.1321044e-001
  1.2329420e+000  4.9737497e-001  2.6420576e-001
  5.8403354e-001  3.1847098e-001  1.3094338e-001
  7.2275000e-001  3.2911378e-001  1.7618258e-001
  6.2429586e-001  3.4657742e-001  2.6470055e-001
  9.7097561e-001  4.4588642e-001  1.5351707e-001
  1.1322361e+000  4.2843829e-001  1.5751982e-001
  7.8230557e-001  3.3396983e-001  2.5328605e-001
  1.0038903e+000  3.8812616e-001  3.1677166e-001
  5.0360544e-001  2.4583217e-001  1.3846629e-002
  6.5575327e-001  3.8927925e-001  9.8450038e-002
  4.9833985e-001  2.5155794e-001  1.6208956e-001
  7.4913380e-001  4.6994260e-001  3.0311434e-001
  9.9204770e-001  3.0885794e-001  4.2756470e-001
  1.3162170e+000  2.8802791e-001  1.0536979e-001
  1.1528224e+000  6.4665748e-001  2.1155002e-001
  4.7425103e-001  5.4170455e-001  3.0730892e-002
  9.2844736e-001  3.9472870e-001  2.1955410e-001
  1.1077083e+000  4.6292845e-001  3.2508604e-001
  9.5378835e-001  5.3914635e-001  1.2881063e-001
  5.8675780e-001  4.1013876e-001  6.6486375e-002
  7.2131045e-001  4.4661517e-001  7.4562810e-003
  8.7303350e-001  4.1662234e-001  1.9997550e-001
  1.2704793e+000  3.3061305e-001  1.9664972e-001
  5.4341833e-001  4.8697660e-001  3.9363207e-002
  7.9179401e-001  4.1163048e-001  9.5787914e-002
  4.7750935e-001  4.3390148e-001  2.8464951e-001
  3.6375139e-001  3.6128465e-001  4.8365926e-001
  6.6655625e-001  6.1551524e-001  2.0366306e-001
  9.0676786e-001  1.5615394e-001  1.6512704e-001
  9.7757236e-001  2.5176458e-001  8.1985820e-002
  1.3223461e+000  5.9827280e-001  2.8791334e-001
  6.4186108e-001  3.4614169e-001  9.5809910e-002
  8.2808017e-001  3.2214518e-001  1.8340167e-001
  6.6321562e-001  5.2680413e-001  1.0022018e-001
  1.2478058e+000  3.2697958e-001  3.7481995e-001
  1.0381032e+000  4.9471840e-001  3.2516093e-001
  9.2773912e-001  5.3201627e-001  1.6119033e-001
  7.9439993e-001  2.4313307e-001  7.3146357e-002
  6.3255856e-001  3.6208312e-001  1.3394682e-001
  9.0864860e-001  3.8775031e-001  2.5066093e-001
  5.3880279e-001  3.9132437e-001  8.9876749e-002
  1.3126708e+000  3.3397500e-001  8.9855855e-002
  9.6245155e-001  4.0714851e-001  2.0790956e-001
  5.2013444e-001  4.1325647e-001  3.6702435e-001
  5.6457786e-001  3.5761674e-001  2.1422516e-001
  5.1878154e-001  1.4469331e-001  2.3438636e-001
  7.2381923e-001  5.3890469e-001  9.7078079e-002
  2.8797116e-001  4.4575070e-001  8.1149860e-002
  1.1776434e+000  1.9712422e-001  1.4036823e-001
  5.9052743e-001  4.5837236e-001  2.8790515e-001
  8.7318379e-001  4.1057642e-001  1.3163466e-001
  9.5825916e-001  4.1820562e-001  2.6914427e-001
  5.6141337e-001  3.9856647e-001  6.5874708e-002
  6.0235814e-001  4.4918270e-001  3.4381620e-002
  9.5602976e-001  5.0941358e-001  1.3641040e-001
  1.1590355e+000  5.0858070e-001  3.9847501e-001
  9.3421915e-001  3.3066699e-001  2.5099704e-001
  5.9151692e-001  4.2695190e-001  1.4922367e-001
  9.5881385e-001  4.1865875e-001  4.4500448e-002
  8.9005744e-001  5.2408438e-001  1.0279136e-001
  5.7888764e-001  5.4750150e-001  2.0655352e-001
  9.5401889e-001  3.0753823e-001  5.2697245e-002
  6.3525359e-001  5.2430769e-001  2.5590796e-001
  6.4532780e-001  4.1070948e-001  3.5203789e-002
  8.8895473e-001  4.6968863e-001  3.1474217e-001
  1.2653035e+000  4.5966695e-001  1.7911157e-001
  1.0088584e+000  5.2965224e-001  2.0039469e-001
  1.2619126e+000  2.0442945e-001  2.1703214e-001
  1.0593351e+000  4.5679238e-001  1.0413926e-001
  6.4620234e-001  4.9324698e-001  1.7721011e-001
  5.7760167e-001  3.5980377e-001  1.7663641e-001
  8.2782961e-001  4.5480378e-001  1.0449765e-001
  9.4694131e-001  4.5725423e-001  4.0008023e-001
  1.2019843e+000  3.6904558e-001  8.3030338e-002
  7.4686274e-001  3.4295037e-001  2.7349254e-001
  5.9224182e-001  1.8659610e-001  1.1680693e-001
  9.7094621e-001  3.7686540e-001  1.4463845e-001
  5.8574444e-001  4.2343737e-001  3.1636298e-001
  1.1702285e+000  3.5576930e-001  4.0120961e-001
  1.1015110e+000  4.7069990e-001  2.6505840e-001
  6.4070452e-001  5.5080741e-001  1.9815419e-001
  7.5781665e-001  4.9100637e-001  4.2213203e-001
  4.7615366e-001  4.3851547e-001  8.5625571e-002
  8.3906461e-001  3.0664591e-001  2.8649460e-001
  6.2003634e-001  2.7453214e-001  1.1830728e-001
  8.7963267e-001  2.9685881e-001  1.6747733e-001
  7.6697379e-001  4.7813908e-001  2.0507798e-001
  5.0236014e-001  2.4691397e-001  2.1250737e-001
  1.0511716e+000  4.3868453e-001  1.1752816e-001
  8.1204361e-001  4.6790313e-001  3.3818546e-001
  1.1682184e+000  5.6232127e-001  1.9467296e-001
  1.1419035e+000  4.5615860e-001  2.7580907e-001
  1.1729690e+000  3.2802844e-001  3.6088037e-001
  1.0244987e+000  4.1374897e-001  1.8374560e-001
  1.2966541e+000  3.1655490e-001  2.0893498e-001
  7.6325617e-001  4.7389727e-001  2.4965365e-001
  8.5406434e-001  4.0157708e-001  4.1362159e-001
  1.0348651e+000  5.7630391e-001  8.5672924e-002
  8.8269928e-001  4.1488167e-001  3.0310779e-001
  8.1966579e-001  4.3179178e-001  1.9090598e-001
  1.1017448e+000  2.8653211e-001  8.8792939e-002
  2.8505806e-001  2.0524224e-001  2.4938144e-001
  5.0044463e-001  5.2627505e-001  1.5101075e-001
  1.3515923e+000  3.6960624e-001  2.3897186e-001
  9.5943148e-001  3.6556802e-001  1.5241148e-001
  8.2109566e-001  4.9539200e-001  1.1736852e-001
  8.8744032e-001  3.6834935e-001  1.0307610e-001
  1.2743833e+000  3.7078744e-001  2.6510777e-001
  3.1936829e-001  4.1489624e-001  4.0821305e-001
  8.3650191e-001  4.4917562e-001  8.7590796e-002
  1.2726046e+000  5.7790369e-001  1.6075699e-001
  1.0112372e+000  3.8904848e-001  1.0152094e-001
  5.0383314e-001  5.0486961e-001  9.2663048e-002
  3.4503817e-001  4.6795437e-001  2.2533021e-001
  7.2038375e-001  2.0263787e-001  1.0420945e-001
  2.2503380e-001  5.3887639e-001  3.7969831e-001
  7.7002553e-001  2.2659781e-001 -3.8324576e-002
  9.1471462e-001  3.7061955e-001  2.2551369e-001
  6.3121385e-001  3.3214800e-001  6.3769886e-002
  9.6093091e-001  3.0302845e-001  1.1384603e-001
  1.0090195e+000  6.2330114e-001  1.7650111e-001
  8.5921763e-001  4.2175106e-001  3.2048649e-001
  1.0107330e+000  3.1181456e-001  1.4225256e-001
  6.7784260e-001  5.8053669e-001  2.7214032e-001
  8.0806541e-001  4.1973222e-001  4.3393171e-001
  6.3498874e-001  4.7268775e-001  5.0045618e-001
  6.0535560e-001  3.3004487e-001  2.4941251e-001
  7.7087549e-001  4.5921878e-001  2.0670496e-001
  1.3907129e+000  4.7851187e-001  5.7108000e-002
  2.9352836e-001  5.8281805e-001  2.4530510e-001
  4.3122734e-001  3.4309301e-001  3.1188927e-001
  6.1034538e-001  4.8451853e-001  3.5979948e-001
  6.7993809e-001  4.4762233e-001 -9.0750150e-002
  3.5228248e-001  3.5145970e-001  6.7978468e-001
  6.1713736e-001  4.4845279e-001  7.7622679e-001
  4.6077383e-001  3.9410952e-001  7.2563140e-001
  4.6650117e-001  4.1002449e-001  6.1161603e-001
  5.4488287e-001  3.3963707e-001  9.0103939e-001
  4.1128298e-001  4.0325309e-001  7.7938621e-001
  4.7506872e-001  4.0436167e-001  7.3878555e-001
  4.8943017e-001  3.3732586e-001  5.8258040e-001
  4.8865589e-001  3.2252490e-001  6.6780402e-001
  6.2150320e-001  4.2145979e-001  6.2080979e-001
  4.2576616e-001  4.2828604e-001  8.5765101e-001
  4.8440781e-001  3.0129320e-001  7.2125063e-001
  3.8156639e-001  3.8555870e-001  7.0888023e-001
  6.3015021e-001  2.5892552e-001  5.5653890e-001
  4.5717363e-001  2.9099976e-001  6.9525749e-001
  5.5989640e-001  4.0171624e-001  6.7556727e-001
  6.3815746e-001  3.2941814e-001  7.6638283e-001
  5.3815842e-001  4.0815682e-001  8.1908981e-001
  5.8254169e-001  3.2526849e-001  6.2737517e-001
  4.3135202e-001  2.9913638e-001  7.2775816e-001
  5.9056472e-001  3.5981285e-001  6.5807104e-001
  6.3221175e-001  4.0806154e-001  5.3245559e-001
  4.6396101e-001  2.9544358e-001  7.2943941e-001
  4.4166061e-001  2.9448961e-001  7.9848327e-001
  5.0033158e-001  3.8790854e-001  5.5127236e-001
  6.4030965e-001  3.9304582e-001  8.4415684e-001
  6.0730309e-001  3.1611622e-001  4.5415733e-001
  4.5539527e-001  3.4382181e-001  6.6462815e-001
  4.5342033e-001  3.7892806e-001  6.8943011e-001
  3.0322679e-001  3.6491739e-001  7.4286235e-001
  4.5658935e-001  4.1267822e-001  7.1372380e-001
  3.9779641e-001  3.6379189e-001  3.5097060e-001
  6.6237823e-001  3.9744007e-001  7.2102684e-001
  4.8680021e-001  4.3290362e-001  7.9668475e-001
  5.8249412e-001  3.3250849e-001  7.1494387e-001
  5.2100139e-001  3.6513374e-001  8.1101655e-001
  4.1704502e-001  3.2690263e-001  9.0179573e-001
  4.6708933e-001  3.4789796e-001  6.6501153e-001
  4.8918536e-001  2.6175060e-001  6.1178127e-001
  2.6758904e-001  3.2864918e-001  7.9605553e-001
  4.3969588e-001  3.9354198e-001  7.5582827e-001
  5.8476923e-001  3.4277632e-001  8.3526604e-001
  5.3523897e-001  3.9235425e-001  7.0063223e-001
  3.7175289e-001  3.7694464e-001  7.5610054e-001
  5.9366319e-001  3.8942564e-001  6.5066199e-001
  4.6107854e-001  3.5678058e-001  8.0698708e-001
  4.2305573e-001  3.5369311e-001  6.3367892e-001
  4.0553989e-001  4.4411436e-001  8.5744794e-001
  6.3955748e-001  3.6798822e-001  8.1444218e-001
  3.7619791e-001  3.3679689e-001  8.9540063e-001
  4.9058220e-001  4.1402406e-001  8.3948499e-001
  6.9445507e-001  3.9325043e-001  6.3785367e-001
  6.8467266e-001  3.0285744e-001  6.6452467e-001
  4.3370658e-001  3.2504203e-001  7.8529773e-001
  3.9986779e-001  3.5209753e-001  5.8735703e-001
  4.6949169e-001  3.3108625e-001  7.8226658e-001
  3.6992343e-001  4.6391588e-001  6.4436635e-001
  5.2637305e-001  3.5698468e-001  6.7599223e-001
  3.9767114e-001  3.1783995e-001  8.9577900e-001
  4.4839950e-001  4.4567798e-001  5.2082089e-001
  4.5216491e-001  3.9026902e-001  6.9593504e-001
  4.5177398e-001  3.5619977e-001  6.6735137e-001
  5.2174106e-001  3.7327383e-001  7.6444794e-001
  6.7319176e-001  2.8858787e-001  6.1076959e-001
  5.9951771e-001  3.2759729e-001  8.2644081e-001
  6.5824998e-001  3.5406714e-001  5.7601685e-001
  4.2658542e-001  3.0468289e-001  6.1720213e-001
  5.4026229e-001  3.6619934e-001  5.8397674e-001
  3.8301762e-001  4.0230627e-001  7.2567170e-001
  3.6603850e-001  2.8576324e-001  6.2479552e-001
  6.0012200e-001  3.1783955e-001  8.0647550e-001
  3.6741727e-001  3.6358120e-001  6.1771592e-001
  5.6737218e-001  4.5282275e-001  6.7638247e-001
  3.4651031e-001  4.0790141e-001  7.0713749e-001
  5.8033412e-001  3.6629801e-001  5.0713516e-001
  6.8235162e-001  3.6925613e-001  8.2597091e-001
  4.8182478e-001  3.8069395e-001  7.2679344e-001
  3.6842127e-001  4.2431054e-001  6.7449511e-001
  4.7177432e-001  3.7807529e-001  8.7301226e-001
  4.6626289e-001  3.6378219e-001  7.4422711e-001
  4.1368640e-001  3.9090276e-001  7.6623307e-001
  5.8149543e-001  3.8074344e-001  6.0394008e-001
  4.0218630e-001  3.6401602e-001  7.5687985e-001
  4.5878863e-001  3.0245009e-001  8.7145545e-001
  6.4052512e-001  3.7648697e-001  6.3247669e-001
  4.7465827e-001  4.0587366e-001  7.5777763e-001
  4.2034039e-001  4.2168019e-001  8.6623065e-001
  3.8074230e-001  3.5092183e-001  6.7683010e-001
  5.0807690e-001  3.7869368e-001  9.6430227e-001
  5.6454008e-001  4.3678176e-001  6.9456464e-001
  5.2300242e-001  3.4984455e-001  8.6404598e-001
  4.2355853e-001  3.6810028e-001  6.1502459e-001
  5.1971817e-001  3.2119387e-001  6.3747364e-001
  5.4251130e-001  4.4804304e-001  7.9566528e-001
  4.7269567e-001  3.9416075e-001  4.5605333e-001
  6.6729466e-001  2.9968390e-001  7.7080587e-001
  5.0209277e-001  3.6150097e-001  6.7010845e-001
  4.3889310e-001  3.8240364e-001  7.4091551e-001
  6.2449715e-001  2.9466798e-001  6.7949383e-001
  5.7040733e-001  3.0419012e-001  5.9947076e-001
  5.8142634e-001  3.5311518e-001  6.3253599e-001
  5.6670383e-001  3.0550593e-001  7.7025860e-001
  4.2131120e-001  3.9462967e-001  6.3191370e-001
  4.8871380e-001  4.0680288e-001  6.6310657e-001
  4.2195333e-001  3.4844777e-001  5.1946581e-001
  5.7194060e-001  4.3702276e-001  7.1355607e-001
  4.5365223e-001  4.0022701e-001  7.6661173e-001
  4.9514849e-001  4.0350663e-001  5.4308241e-001
  5.7063831e-001  3.5061110e-001  6.6257269e-001
  3.1539143e-001  3.4485103e-001  6.4438923e-001
  3.1384528e-001  3.9743658e-001  7.8256661e-001
  2.4689935e-001  3.6965075e-001  6.2634994e-001
  7.1192934e-001  4.0783561e-001  9.2482566e-001
  6.0054904e-001  3.5733452e-001  5.0829465e-001
  4.8775443e-001  3.6096804e-001  6.1305788e-001
  4.7859121e-001  3.6063994e-001  5.6031222e-001
  4.2652858e-001  3.6294849e-001  7.7831721e-001
  5.8323288e-001  2.9660415e-001  8.2258636e-001
  4.4132694e-001  3.3229646e-001  6.2702276e-001
  3.6368683e-001  3.2166491e-001  7.8293579e-001
  5.6668181e-001  4.1198178e-001  6.9335580e-001
  4.1611068e-001  3.3625268e-001  6.4353229e-001
  3.8869715e-001  3.3110938e-001  7.2891502e-001
  5.9985694e-001  4.5050215e-001  6.8534990e-001
  5.1890474e-001  3.8756125e-001  7.5485828e-001
  4.6802342e-001  3.8234385e-001  5.3432402e-001
  3.4552036e-001  3.5798481e-001  8.0950238e-001
  6.3600195e-001  3.3292676e-001  7.5585106e-001
  4.0074383e-001  3.9129636e-001  6.0200101e-001
  4.7732173e-001  3.3973911e-001  8.7461386e-001
  4.4948697e-001  3.9861866e-001  8.5363178e-001
  5.0606818e-001  3.0156888e-001  6.8465288e-001
  3.9960695e-001  3.6298747e-001  6.8727757e-001
  6.4478647e-001  3.5107952e-001  8.7212874e-001
  5.9245632e-001  3.7473642e-001  6.5198745e-001
  6.1127066e-001  4.5440790e-001  9.2109447e-001
  3.3115233e-001  3.2087313e-001  6.6157621e-001
  5.2711217e-001  2.8118412e-001  7.5097334e-001
  5.4678097e-001  3.6369409e-001  7.1401571e-001
  4.2489504e-001  3.5661867e-001  6.4456661e-001
  4.9644246e-001  4.3268464e-001  5.9015515e-001
  5.0223937e-001  3.1625653e-001  7.4117928e-001
  4.7009190e-001  3.4246908e-001  6.3462063e-001
  4.6649986e-001  4.0600397e-001  7.0165810e-001
  6.3956372e-001  3.8094846e-001  6.0321315e-001
  3.5894718e-001  4.2222072e-001  8.6249745e-001
  6.7247873e-001  3.6403774e-001  9.3172686e-001
  5.3364829e-001  3.7736460e-001  5.9450373e-001
  5.5958491e-001  3.9350399e-001  6.4111508e-001
  4.4154859e-001  3.3636947e-001  6.3184316e-001
  4.7972141e-001  3.6704736e-001  7.2692225e-001
  6.2246642e-001  4.3503692e-001  5.5512459e-001
  3.6583619e-001  2.8989192e-001  8.3534534e-001
  5.4183713e-001  3.9821465e-001  8.1172461e-001
  5.9906819e-001  4.1760374e-001  6.7927012e-001
  6.4852705e-001  4.4838396e-001  7.3977722e-001
  5.7161632e-001  3.8447241e-001  7.0925358e-001
  6.4608103e-001  4.8644978e-001  7.7408377e-001
  4.5105932e-001  3.1922174e-001  5.5171859e-001
  5.9248099e-001  3.8817180e-001  7.8757312e-001
  3.5860895e-001  4.3754377e-001  6.5387696e-001
  3.1496850e-001  3.5142086e-001  8.9827067e-001
  3.5508343e-001  4.3296984e-001  6.7410385e-001
  4.2296537e-001  3.5741674e-001  5.7150873e-001
  4.1437527e-001  3.9505639e-001  7.1796675e-001
  6.4995300e-001  3.6919693e-001  6.7683673e-001
  6.6138845e-001  4.1076016e-001  8.2278072e-001
  3.5696844e-001  3.5300677e-001  6.1353319e-001
  4.0380884e-001  2.7279084e-001  6.5858481e-001
  5.0268965e-001  4.0778763e-001  6.9705563e-001
  4.5773473e-001  3.7196033e-001  6.2819051e-001
  4.8714225e-001  3.3827985e-001  7.3156710e-001
  5.3124727e-001  2.4874406e-001  6.2214513e-001
  4.7702835e-001  4.0090475e-001  6.7050786e-001
  4.6804516e-001  4.3982184e-001  7.3300494e-001
  5.6901429e-001  3.2311381e-001  6.6550232e-001
  4.1644367e-001  3.3173889e-001  7.8897848e-001
  4.6355621e-001  2.7712063e-001  6.5804983e-001
  4.4497457e-001  4.0110245e-001  7.4474689e-001
  5.7213129e-001  3.6592900e-001  6.6187471e-001
  4.7649331e-001  4.2350137e-001  8.4952174e-001
  5.4472240e-001  2.9874303e-001  5.1146055e-001
  5.8252557e-001  4.2110304e-001  7.6905852e-001
  6.9367651e-001  3.8029230e-001  7.3353176e-001
  7.0201149e-001  3.6684411e-001  7.4623613e-001
  3.4380010e-001  3.8200581e-001  7.3075211e-001
  2.9026345e-001  3.2329504e-001  8.0057978e-001
  6.0369573e-001  3.3104267e-001  7.9597930e-001
  4.8838335e-001  4.4608678e-001  8.0808116e-001
  3.6460625e-001  3.0664619e-001  7.3529219e-001
  3.8857926e-001  3.8193212e-001  7.2499858e-001
  4.3027854e-001  3.8984526e-001  7.1592340e-001
  6.5972102e-001  4.2602208e-001  7.1782296e-001
  6.0495819e-001  4.1179073e-001  7.0300393e-001
  4.6679878e-001  3.3869576e-001  6.6159877e-001
  6.3808647e-001  3.2165701e-001  7.6260942e-001
  4.2365090e-001  3.4263803e-001  8.0524866e-001
  4.0132594e-001  4.4315859e-001  8.3958944e-001
  4.3369517e-001  3.8706505e-001  8.1221368e-001
  3.3796613e-001  4.3597815e-001  7.0939075e-001
  5.5867205e-001  3.1730485e-001  4.8385539e-001
  6.8116833e-001  3.7922741e-001  5.9432914e-001
  3.3344252e-001  3.7578895e-001  6.1541436e-001
  4.9350126e-001  3.0217761e-001  7.4960519e-001
  7.3106724e-001  2.9256787e-001  6.7194726e-001
  5.3045522e-001  4.2833256e-001  7.6560394e-001
  4.5098087e-001  3.9413891e-001  6.2063714e-001
  4.5207323e-001  3.7163001e-001  6.5959180e-001
  3.3726388e-001  3.5437559e-001  6.2073634e-001
  4.7409596e-001  4.3526362e-001  6.8774085e-001
  3.9827624e-001  3.8998777e-001  6.1964915e-001
  4.8116937e-001  4.0472454e-001  6.3531447e-001
  4.4687226e-001  3.4383726e-001  6.5551809e-001
  5.1115756e-001  3.8792381e-001  5.6958343e-001
  4.6331776e-001  3.0916486e-001  7.3438544e-001
  3.8231390e-001  3.9351470e-001  6.3666082e-001
  4.7253362e-001  3.6850217e-001  8.6840611e-001
  7.2202735e-001  3.7859007e-001  6.7889153e-001
  3.8489492e-001  3.1281740e-001  6.8189934e-001
  6.0140357e-001  3.9465293e-001  6.5762963e-001
  4.9793784e-001  4.3628717e-001  7.7177448e-001
  5.6870795e-001  3.4399245e-001  6.8635232e-001
  5.1758104e-001  3.8260475e-001  6.1149103e-001
  4.3462052e-001  3.1974527e-001  6.8550648e-001
  4.9367250e-001  3.7417919e-001  8.5692104e-001
  4.5775422e-001  3.7706198e-001  5.5256287e-001
  5.4067678e-001  3.7891903e-001  6.0174287e-001
  5.6249672e-001  3.9521802e-001  7.9008608e-001
  4.9381167e-001  3.3977384e-001  7.9988148e-001
  5.5760815e-001  4.0500205e-001  7.6193389e-001
  2.4472394e-001  4.9811643e-001  7.4104277e-001
  5.7716210e-001  3.3420339e-001  7.2674333e-001
  4.5965033e-001  3.8719201e-001  7.0377619e-001
  4.0097071e-001  3.6213789e-001  6.2052014e-001
  5.3135435e-001  3.7785895e-001  6.3922335e-001
  5.9631288e-001  3.8350730e-001  7.3539248e-001
  4.0792067e-001  4.1504779e-001  5.7861779e-001
  5.6049915e-001  3.8091384e-001  7.7163781e-001
  5.1501631e-001  2.2673808e-001  5.9564858e-001
  2.9300649e-001  3.6049086e-001  8.5207890e-001
  5.4714046e-001  4.0987152e-001  8.8509502e-001
  5.8992658e-001  3.3926505e-001  8.0435027e-001
  4.0049425e-001  3.8014597e-001  6.3810922e-001
  4.2613431e-001  3.4942660e-001  1.0225294e+000
  4.8388082e-001  4.1830913e-001  7.0992033e-001
  4.9226200e-001  3.0871719e-001  6.7533228e-001
  5.9817405e-001  3.4853917e-001  6.4411463e-001
  5.3020310e-001  2.9513282e-001  7.0485786e-001
  5.1743550e-001  4.6136834e-001  6.5205172e-001
  3.3197142e-001  3.1441246e-001  8.1605436e-001
  5.4566061e-001  3.2461861e-001  7.5870306e-001
  4.8118773e-001  4.1474650e-001  6.4920790e-001
  6.0230605e-001  3.8983741e-001  5.1795760e-001
  4.5530112e-001  3.9652039e-001  7.5939797e-001
  5.1613136e-001  4.4927065e-001  8.8708341e-001
  3.6739695e-001  3.5742640e-001  6.6807857e-001
  6.8464190e-001  3.2988772e-001  8.3915024e-001
  5.0011376e-001  3.6817465e-001  6.7118871e-001
  3.9591046e-001  3.3658088e-001  6.8863284e-001
  4.0597813e-001  4.2246572e-001  7.1279767e-001
  5.1772099e-001  3.5566891e-001  6.1282750e-001
  5.8132701e-001  4.4768454e-001  5.7566712e-001
  4.1413821e-001  3.2074933e-001  7.6112373e-001
  4.5883031e-001  3.3603177e-001  7.9828580e-001
  6.5532460e-001  3.0060843e-001  7.1401133e-001
  3.9046106e-001  3.5895118e-001  5.5902521e-001
  4.0438012e-001  3.7153256e-001  8.6819486e-001
  6.2041949e-001  3.4584546e-001  8.1583412e-001
  5.1517744e-001  3.3585924e-001  7.4073505e-001
  5.2760159e-001  2.3283842e-001  7.8799833e-001
  4.4479432e-001  3.0280950e-001  6.8326593e-001
  7.4896643e-001  3.3552456e-001  6.7960385e-001
  2.9164540e-001  3.4273421e-001  7.0913009e-001
  4.1467883e-001  3.5554382e-001  9.4310401e-001
  4.0065877e-001  3.3809936e-001  6.9552223e-001
  4.7347485e-001  2.8061905e-001  6.9335489e-001
  4.4558631e-001  4.4552531e-001  6.7245776e-001
  3.2988349e-001  2.7377817e-001  6.8508638e-001
  5.4664285e-001  3.2521786e-001  6.9630193e-001
  7.7169777e-001  3.1690410e-001  7.7494769e-001
  5.0959793e-001  3.4909614e-001  8.4820415e-001
  5.3741104e-001  3.3025609e-001  8.2872108e-001
  5.3231170e-001  3.0754551e-001  6.2144542e-001
  4.3363318e-001  3.3519966e-001  8.5401668e-001
  4.3639343e-001  4.3992833e-001  7.3807645e-001
  4.5419485e-001  4.1465293e-001  5.0002335e-001
  4.9830600e-001  3.8172531e-001  5.8279248e-001
  5.7245092e-001  3.7658565e-001  9.3542195e-001
  5.3343672e-001  3.9052028e-001  8.1573724e-001
  6.0385079e-001  2.6902029e-001  6.3897725e-001
  5.1242001e-001  3.7646010e-001  6.3756133e-001
  4.9223575e-001  3.8438376e-001  6.7573521e-001
  4.2139997e-001  2.8967171e-001  6.1819408e-001
  4.0276549e-001  3.3208082e-001  7.8718508e-001
  6.0604636e-001  3.9157921e-001  8.0957160e-001
  5.0802722e-001  2.8908444e-001  5.9977558e-001
  5.4399510e-001  3.2122426e-001  7.4775193e-001
  4.8172276e-001  3.5507573e-001  7.9068101e-001
  4.2609150e-001  4.2694827e-001  7.1908293e-001
  7.5926834e-001  3.1628827e-001  6.1720217e-001
  4.3867333e-001  3.0647247e-001  7.6924120e-001
  6.1825439e-001  3.3422324e-001  5.7371483e-001
  3.6624345e-001  4.5233926e-001  6.2536789e-001
  4.1681770e-001  4.0360938e-001  8.3597955e-001
  4.5801460e-001  4.5575634e-001  6.8420654e-001
  5.8671006e-001  4.5215691e-001  7.0464114e-001
  3.9864919e-001  4.3685525e-001  7.6517425e-001
  6.1264515e-001  4.0315544e-001  6.6265761e-001
  6.1752408e-001  3.3943391e-001  7.2889427e-001
  4.9764812e-001  3.1291572e-001  6.1687836e-001
  4.5094977e-001  3.3054232e-001  7.8438155e-001
  6.6421083e-001  3.6877814e-001  7.2380898e-001
  4.0743607e-001  3.7051324e-001  8.5651186e-001
  3.7281538e-001  2.5942647e-001  5.3730593e-001
  5.6791565e-001  3.4199309e-001  6.9478059e-001
  4.0615474e-001  3.6436265e-001  8.1030329e-001
  5.5949871e-001  3.6959623e-001  5.7511666e-001
  4.1032089e-001  4.3694272e-001  6.1224565e-001
  4.8621791e-001  4.1052359e-001  6.9752952e-001
  5.4329573e-001  4.2902945e-001  7.4746823e-001
  4.9679798e-001  3.7971868e-001  5.8163435e-001
  4.7326899e-001  3.8982875e-001  7.7967975e-001
  5.3151346e-001  3.8797484e-001  7.0764753e-001
  4.9036176e-001  2.7777570e-001  7.8086322e-001
  2.8956500e-001  3.4499180e-001  7.5488098e-001
  3.9187777e-001  2.7677001e-001  6.3090581e-001
  5.2771619e-001  3.7531977e-001  6.3237427e-001
  5.4176050e-001  3.9576295e-001  7.7378161e-001
  4.1445941e-001  4.1153576e-001  6.7269859e-001
  5.5385616e-001  2.8876086e-001  8.1231104e-001
  2.3863453e-001  3.7095685e-001  5.9230376e-001
  4.3305468e-001  3.8245288e-001  6.3102915e-001
  5.7744681e-001  3.0683603e-001  8.3538221e-001
  5.5703121e-001  3.5608790e-001  5.1030941e-001
  6.4388902e-001  3.0242038e-001  6.1159795e-001
  3.6149239e-001  3.6195078e-001  7.1355900e-001
  6.7177044e-001  3.9545446e-001  7.2186479e-001
  3.8940102e-001  3.2215844e-001  8.1260096e-001
  3.7429831e-001  4.2183450e-001  5.3779049e-001
  4.5116071e-001  3.6534730e-001  8.5911633e-001
  4.9700461e-001  4.1746768e-001  8.8010189e-001
  6.1929254e-001  4.2937119e-001  8.7224482e-001
  3.5216750e-001  3.9506244e-001  6.3166322e-001
  6.4760855e-001  3.8095918e-001  6.9567124e-001
  5.4472195e-001  3.5040864e-001  6.4865109e-001
  4.6676896e-001  3.9885675e-001  8.3727475e-001
  4.9385279e-001  4.2424898e-001  7.0704744e-001
  5.0417789e-001  2.4531049e-001  7.0136135e-001
  4.7188657e-001  3.5312658e-001  7.8371450e-001
  5.0269709e-001  4.1014636e-001  7.8246634e-001
